26.798
24.905
25.350
24.333
25.525
23.855
24.991
24.602
24.669
23.953
23.772
24.608
24.634
24.423
23.955
24.327
23.902
24.675
23.901
24.072
24.875
24.278
24.011
24.344
24.102
24.593
23.847
24.593
24.578
24.165
24.391
24.394
24.007
24.800
24.299
24.112
25.113
23.922
24.677
24.283
23.862
24.387
24.605
24.038
24.434
24.663
23.982
24.126
25.854
25.056
24.119
25.023
23.708
24.691
24.121
24.815
24.142
23.999
25.433
24.185
24.346
23.967
24.866
24.160
24.839
24.164
24.646
24.681
23.918
23.727
24.051
24.090
24.606
24.329
25.741
25.405
24.300
23.645
24.933
24.098
26.902
23.956
23.866
24.611
24.494
24.672
24.050
24.102
23.988
24.069
24.164
24.388
24.640
24.819
23.945
24.772
24.303
25.260
25.408
24.384
24.028
24.773
24.837
23.570
24.421
24.492
24.365
24.494
23.828
25.464
24.033
24.395
24.182
24.099
24.364
24.046
24.179
24.203
25.584
24.087
23.706
24.680
24.224
23.991
23.701
24.319
24.540
24.157
23.876
24.224
24.674
25.203
24.388
24.534
24.458
25.095
24.848
23.541
25.677
25.506
25.072
23.881
25.743
24.171
24.522
23.819
23.713
24.994
25.444
24.080
24.026
24.686
24.332
23.992
23.824
23.998
24.618
25.101
24.489
25.142
25.795
24.148
24.137
25.124
24.133
24.130
24.959
24.777
24.925
25.299
24.106
24.529
24.519
24.136
24.116
24.084
24.722
24.100
24.234
24.552
24.470
24.059
24.306
24.676
24.383
24.958
24.633
24.706
25.167
24.043
25.740
24.971
24.915
24.775
24.064
26.112
24.181
23.960
24.296
24.321
24.855
24.417
24.258
24.553
24.525
24.941
23.970
25.083
25.113
23.999
23.811
23.947
24.715
24.206
23.954
24.592
24.460
24.222
24.755
24.585
25.591
24.752
24.259
24.204
24.877
24.482
24.465
25.383
24.141
24.767
24.726
24.118
24.450
25.171
25.005
24.627
24.513
24.360
24.807
24.535
24.832
24.731
24.161
24.831
24.962
24.476
24.496
24.235
24.652
24.919
24.569
24.631
24.727
24.485
24.381
25.044
24.118
24.106
23.934
23.847
23.893
25.225
23.865
24.217
24.012
24.500
24.153
24.321
24.384
24.018
23.660
23.731
24.039
25.515
24.635
24.598
23.994
24.276
23.991
24.637
24.620
24.128
24.926
24.899
24.536
24.713
23.978
23.839
24.618
24.156
24.694
23.732
24.308
26.053
23.884
23.845
24.372
24.539
24.489
24.131
23.945
24.785
24.154
24.180
23.952
24.069
24.569
24.438
24.059
24.284
24.959
24.191
23.992
24.899
24.560
23.822
23.939
24.375
23.893
24.020
24.449
24.715
26.185
24.977
25.112
24.378
23.868
24.716
26.570
23.950
24.296
24.965
24.412
23.832
23.512
23.936
25.111
24.430
23.548
23.781
24.084
24.566
24.411
25.454
24.663
24.581
24.010
24.945
24.013
24.033
24.852
23.621
24.162
25.180
24.239
23.608
24.287
26.242
24.969
23.734
24.760
24.900
24.814
24.536
24.207
24.388
26.228
24.430
24.398
23.758
25.887
23.831
23.790
24.412
25.163
25.164
23.941
23.657
24.403
23.787
25.102
23.772
24.236
23.969
25.467
24.756
23.917
23.997
24.024
24.485
25.118
24.739
25.070
25.603
24.228
25.371
24.446
24.895
23.903
25.742
24.317
24.972
25.458
24.251
24.765
23.979
24.325
23.778
24.151
23.851
24.187
24.252
24.597
24.392
25.096
23.915
23.802
24.550
24.955
24.540
23.457
24.666
24.978
23.984
24.212
23.754
23.798
24.726
24.346
25.111
26.670
24.609
24.216
24.576
23.753
24.846
25.366
24.449
24.846
25.184
24.209
24.605
23.761
26.339
24.349
24.912
24.439
25.387
23.881
24.986
23.743
24.792
24.218
25.152
23.918
23.929
23.777
23.801
24.389
23.976
25.314
26.124
24.901
24.386
25.395
24.372
24.295
25.337
24.979
23.946
23.808
25.169
24.281
24.315
23.736
25.590
25.501
24.981
23.871
25.238
24.329
25.071
23.861
23.936
24.322
24.588
23.869
24.753
23.957
23.963
24.165
24.865
25.827
23.729
23.588
24.243
24.613
23.933
23.970
24.222
25.379
23.741
24.462
24.208
24.133
24.710
24.195
24.527
24.702
23.976
25.021
24.620
23.932
23.990
24.467
23.681
24.797
24.380
24.124
23.518
23.845
24.233
24.652
24.308
24.661
24.031
24.126
24.778
24.153
24.534
23.735
24.139
24.006
24.145
24.693
24.496
24.031
23.721
25.083
24.566
24.299
24.482
24.516
24.522
24.183
25.308
24.100
24.295
24.617
24.644
24.273
24.427
23.859
24.957
24.828
24.359
24.612
24.178
25.065
25.615
24.254
24.406
25.974
24.771
24.718
24.430
24.443
25.360
24.311
24.129
25.498
25.090
24.931
25.246
23.981
23.833
23.900
26.436
24.230
25.315
24.692
24.738
24.538
25.113
24.990
24.233
24.803
24.201
24.235
25.432
24.373
24.977
25.329
23.856
24.569
25.062
25.418
23.722
25.073
25.301
24.816
25.839
24.477
24.544
24.171
23.963
23.785
24.620
24.687
23.736
24.148
24.866
24.673
23.781
23.993
26.076
24.407
24.110
25.047
25.228
24.806
24.968
24.342
23.974
24.908
24.673
24.067
24.481
25.993
25.346
24.178
24.789
24.427
24.794
24.173
24.366
25.103
24.363
25.354
24.090
24.036
26.105
24.953
24.582
24.417
23.987
25.247
24.100
24.541
24.600
24.129
23.960
24.779
25.791
24.009
23.772
24.023
23.680
23.737
23.665
24.668
25.434
25.168
24.565
23.978
24.532
24.437
25.009
24.370
23.686
25.396
24.474
26.132
24.110
24.063
24.785
24.188
24.586
23.839
23.745
24.905
24.615
23.684
24.834
24.368
24.236
23.797
24.557
24.572
24.284
26.293
24.743
24.212
24.357
23.930
23.740
23.678
25.070
24.970
24.730
23.939
24.172
24.586
23.776
24.854
24.120
23.845
25.354
24.744
24.391
24.394
24.565
25.195
25.669
24.518
23.846
23.989
24.214
24.118
24.036
24.733
24.096
23.891
25.151
23.946
23.707
24.360
24.619
24.122
24.095
23.949
23.767
24.727
24.524
23.828
24.147
25.142
24.293
24.884
24.230
24.284
25.350
24.110
23.790
23.809
25.106
24.182
23.866
23.855
24.509
23.601
24.320
25.198
24.492
24.549
25.351
24.552
25.014
26.088
25.374
24.360
25.504
24.504
24.864
24.140
24.138
23.762
23.777
24.210
24.547
23.748
24.291
24.111
25.484
23.935
24.528
25.123
24.157
25.479
24.613
24.252
23.905
24.150
25.288
24.917
24.687
24.063
24.101
24.096
23.808
25.263
25.556
24.051
23.965
25.021
24.363
24.275
24.144
23.753
24.072
23.871
26.561
24.541
24.176
24.654
24.291
24.417
24.345
24.230
25.717
25.343
25.357
24.079
24.919
25.023
24.940
23.706
25.106
24.110
23.709
23.742
24.218
23.840
24.221
24.282
24.395
24.801
24.784
24.598
24.021
26.222
24.724
24.019
23.659
23.942
23.797
23.740
24.497
24.503
23.745
24.238
24.619
23.923
24.082
23.582
23.660
24.694
24.601
23.751
24.414
24.785
25.282
23.999
25.001
24.022
24.154
24.512
24.321
25.177
24.768
24.073
24.527
24.048
24.855
24.126
25.036
24.030
24.128
24.048
24.013
24.545
24.056
24.505
24.824
24.860
25.635
24.445
24.023
24.050
24.362
25.202
25.362
24.648
25.037
23.758
25.563
24.611
25.277
25.357
25.579
25.519
24.329
24.132
24.649
24.938
24.598
24.603
24.215
24.808
24.796
23.786
24.340
24.589
24.154
24.529
24.460
24.517
24.013
24.033
23.989
23.857
24.923
23.709
23.817
25.108
24.032
24.448
24.280
23.782
24.782
23.717
23.666
25.136
24.100
23.979
24.556
24.165
24.129
24.825
24.021
25.403
24.908
24.200
25.147
24.323
25.135
25.293
24.062
24.118
23.951
24.827
24.743
24.967
24.224
24.045
24.861
24.727
23.870
24.486
24.750
23.947
23.621
23.895
24.812
25.547
26.217
24.942
24.130
24.610
25.744
24.429
23.703
24.674
25.437
23.975
23.912
26.190
24.202
23.809
24.176
24.044
24.495
23.786
23.929
24.194
23.824
24.856
23.973
23.771
24.602
24.005
23.841
23.937
24.877
24.015
24.492
24.066
24.695
23.761
23.650
25.656
25.486
23.668
24.114
23.743
23.978
24.694
24.119
23.876
24.140
24.441
24.184
23.593
24.842
25.318
24.683
23.922
24.071
24.740
24.884
23.669
24.097
24.435
24.343
24.720
24.408
24.089
24.109
24.366
24.716
24.487
24.930
24.097
23.838
24.425
24.022
25.439
25.033
24.408
24.232
24.886
24.077
24.723
24.531
24.093
24.090
24.420
24.937
24.313
25.126
23.843
23.771
24.660
25.013
24.125
24.041
25.071
24.371
24.691
26.311
23.933
24.477
25.294
23.719
23.913
24.027
24.727
23.751
23.760
23.970
25.323
24.938
24.071
24.225
24.072
24.148
24.279
24.993
24.570
25.031
24.751
26.417
24.112
24.230
24.429
24.095
24.396
24.930
24.221
23.975
25.918
24.484
24.913
24.202
23.498
23.850
23.800
23.730
24.804
25.217
24.707
23.687
23.501
24.190
25.051
24.606
23.944
25.365
24.203
24.273
24.652
24.997
24.953
24.408
24.449
24.684
24.691
25.497
26.224
24.420
24.578
25.073
24.154
24.656
25.072
24.287
24.639
23.626
24.575
23.752
25.328
24.625
23.929
25.858
24.814
25.056
24.366
24.391
24.564
24.949
24.496
23.905
23.710
25.441
23.816
24.292
24.399
24.635
24.851
25.196
24.338
24.691
24.850
24.369
24.474
23.918
24.970
25.802
23.930
25.458
24.946
24.702
23.507
24.333
24.449
24.027
24.903
23.555
24.281
24.168
23.773
24.826
24.476
25.153
25.688
24.386
24.403
24.047
25.524
23.622
24.142
24.155
23.864
23.627
23.786
24.348
25.134
24.457
24.045
25.402
24.643
25.207
23.556
23.578
24.943
23.898
24.155
23.716
24.001
24.382
24.257
23.772
24.611
25.695
25.044
24.083
24.136
25.485
23.865
23.585
24.278
24.715
24.992
23.833
24.025
24.440
25.351
24.228
25.371
25.095
24.705
24.708
24.847
25.328
24.384
24.679
23.983
23.609
24.734
24.786
24.223
24.062
26.090
24.180
23.928
24.109
24.506
24.831
24.660
24.330
23.595
24.182
24.406
23.839
25.311
24.123
24.414
23.942
24.318
24.495
23.932
23.539
24.196
24.954
23.953
23.633
24.171
24.258
24.463
24.599
23.686
23.595
24.625
24.189
23.800
23.931
25.337
24.206
23.533
24.179
24.687
23.994
24.671
24.439
25.001
24.800
24.691
24.207
25.177
26.454
25.594
24.943
24.926
25.678
24.912
24.376
23.901
24.027
23.851
23.847
24.039
23.552
24.033
23.690
23.975
24.593
24.123
24.666
24.451
23.612
24.072
23.936
24.091
24.503
23.852
24.922
23.434
23.983
24.132
24.592
24.507
24.174
24.040
23.950
23.902
23.611
24.096
24.425
24.568
24.680
24.018
24.136
24.335
24.063
23.652
24.522
24.141
23.917
23.915
25.026
24.742
24.651
24.009
25.021
25.216
23.977
24.741
24.551
24.395
23.797
24.020
24.647
24.794
24.502
24.561
24.925
24.634
24.093
24.768
24.791
24.288
24.580
23.785
24.164
24.151
25.822
25.111
24.290
23.703
23.975
24.888
24.104
24.216
23.692
24.005
24.222
23.988
24.318
24.224
24.380
24.132
24.481
25.130
24.659
23.626
24.902
24.107
23.777
23.862
23.971
24.188
25.358
24.162
24.163
24.798
24.495
24.183
25.324
24.407
25.032
23.476
24.590
24.441
25.586
23.945
24.466
23.872
24.790
25.746
24.781
25.133
24.168
23.938
24.433
25.000
24.509
24.571
24.325
24.096
24.285
24.871
25.356
24.133
24.816
24.563
24.085
24.876
24.062
24.996
24.080
24.119
24.393
24.395
24.200
24.550
23.919
24.151
24.688
24.024
25.472
24.487
24.878
25.513
23.390
24.850
25.299
24.107
23.762
24.094
24.198
24.659
24.321
24.423
24.560
24.150
25.414
24.311
25.171
24.505
23.996
23.486
24.603
24.909
25.095
24.826
24.148
24.741
25.354
24.131
23.553
24.388
24.531
24.037
23.449
24.229
25.119
25.374
24.419
24.102
24.479
24.627
24.031
24.478
24.199
24.235
23.892
24.166
23.824
23.865
24.580
24.178
23.760
23.890
24.426
23.585
24.341
24.537
24.541
23.457
25.371
24.736
25.971
23.865
24.462
24.117
24.399
24.752
24.157
24.359
24.468
24.153
23.855
24.732
25.064
24.444
23.923
24.214
23.812
24.445
24.374
23.633
24.415
26.116
24.313
24.088
24.367
24.522
24.714
24.336
25.339
24.732
25.177
24.135
24.115
24.105
24.299
24.414
23.996
25.452
26.329
24.974
24.516
24.652
23.823
24.037
24.795
24.115
25.138
24.128
24.582
23.746
24.114
24.046
24.005
24.289
24.976
25.095
24.868
23.841
23.833
24.451
24.776
24.067
24.561
23.896
24.031
23.972
24.035
23.774
24.953
23.670
24.610
23.853
24.372
23.638
24.680
23.956
24.008
23.692
25.251
23.841
24.240
24.248
24.151
23.608
24.733
24.642
24.138
24.803
25.619
24.075
23.431
23.682
24.281
24.163
23.889
24.630
24.952
25.130
24.871
25.254
25.953
24.141
25.110
24.155
24.816
25.045
25.952
24.399
24.297
24.348
24.669
24.542
23.748
23.626
24.361
24.337
23.836
24.652
23.948
25.476
24.353
23.938
24.845
23.981
23.626
24.357
25.081
24.224
24.438
24.533
24.885
23.883
23.951
23.779
24.462
23.881
24.490
23.536
23.794
25.617
24.675
23.610
24.085
24.330
25.762
23.699
25.587
25.192
24.696
26.089
24.350
24.303
25.282
24.985
23.867
24.838
24.710
23.913
23.775
23.925
24.659
24.576
25.214
24.110
23.905
25.774
25.561
23.534
24.615
24.507
24.614
24.724
24.759
24.021
24.896
24.658
24.218
24.417
23.711
24.746
24.282
25.677
25.122
25.398
23.696
24.248
24.512
24.591
26.943
24.222
24.507
26.178
24.480
24.210
23.704
23.992
24.017
23.977
24.463
24.476
24.440
24.246
23.953
24.575
23.908
24.229
23.588
23.851
23.741
24.901
23.779
25.005
23.831
24.502
23.556
23.779
23.804
24.160
24.129
24.199
23.823
24.895
23.560
24.511
23.734
23.866
24.105
24.641
24.386
25.476
23.616
25.110
24.672
23.784
24.813
24.633
24.420
24.349
24.552
24.041
23.764
23.825
24.568
23.894
24.656
23.654
24.019
23.955
24.477
24.252
24.305
23.752
24.976
24.189
25.604
24.751
24.297
24.021
25.093
24.177
24.169
24.515
24.540
24.523
23.810
24.958
24.425
25.713
23.943
24.651
24.660
24.071
24.178
24.012
25.066
24.757
24.169
24.742
24.265
24.260
24.342
24.566
24.070
24.080
25.484
25.675
24.437
24.215
24.834
24.333
24.248
24.279
23.813
24.023
23.886
24.496
24.256
24.700
23.987
25.334
24.663
24.570
25.012
23.709
24.748
24.761
24.094
24.658
24.027
24.430
24.350
24.202
24.050
24.068
24.425
24.115
24.948
23.901
24.863
23.798
23.975
24.094
25.335
24.297
23.763
25.165
24.417
23.989
23.679
24.047
24.675
24.123
25.145
26.167
25.533
25.316
25.085
25.199
25.036
24.451
24.028
23.410
24.401
24.837
25.651
24.524
24.060
24.434
25.092
24.797
23.925
23.934
25.541
24.080
25.091
24.470
24.772
24.999
24.467
24.425
24.533
25.383
23.886
24.426
24.073
24.187
24.084
24.382
24.217
25.053
24.654
25.267
24.465
25.665
23.808
23.875
24.158
23.832
23.749
23.765
23.847
24.363
25.240
23.914
24.031
25.053
26.259
24.428
24.804
24.981
24.875
24.761
25.539
23.694
25.078
24.273
24.193
23.741
24.444
24.536
24.766
24.187
24.871
24.307
24.858
24.289
24.079
25.851
25.820
24.473
24.951
23.648
24.673
24.679
23.881
24.234
24.487
23.746
24.020
23.899
24.193
23.736
23.614
24.963
24.491
24.464
25.015
23.844
23.698
24.326
23.910
24.244
24.790
25.251
24.004
24.037
24.145
24.404
24.733
23.609
23.772
23.950
24.523
23.502
26.615
24.204
24.531
24.342
24.040
23.753
24.725
24.528
23.572
23.852
25.254
24.558
24.557
23.937
24.764
24.014
23.576
24.567
24.002
24.487
24.220
24.404
24.814
24.056
24.669
25.071
24.656
25.368
24.009
23.837
24.237
24.488
25.199
24.879
25.732
24.511
23.823
23.676
24.283
24.559
25.118
24.429
23.667
24.500
24.448
23.896
23.791
23.971
25.035
24.566
24.403
24.886
24.539
24.422
24.476
24.266
25.420
25.842
24.774
24.046
24.912
23.936
24.055
23.437
24.623
25.653
25.274
24.525
24.614
24.124
24.025
24.382
24.192
25.134
23.807
25.124
24.845
23.988
24.201
25.662
24.727
24.517
24.403
25.290
25.459
24.043
24.294
24.660
24.018
24.529
24.850
24.495
23.981
24.020
24.048
24.316
24.111
24.854
23.596
24.551
24.191
24.260
24.041
23.858
24.417
23.859
24.502
26.799
24.082
24.211
24.189
24.115
24.400
24.795
23.886
24.714
25.656
24.000
25.359
24.109
25.477
25.703
24.114
24.957
23.872
24.879
23.813
23.665
25.336
24.261
24.502
24.055
24.446
23.630
23.765
23.977
23.958
24.470
24.452
24.733
23.811
24.198
24.276
24.120
23.944
23.787
24.251
25.124
23.545
24.461
23.802
23.968
23.604
25.015
25.258
23.971
23.550
24.263
23.974
23.896
26.024
24.701
25.374
26.390
24.791
23.625
23.864
23.882
24.859
25.655
23.939
24.054
23.808
23.841
24.228
24.233
23.954
24.244
23.951
24.290
24.912
24.078
23.893
24.590
24.425
24.886
23.971
24.562
24.827
23.977
23.510
25.254
24.556
23.850
24.027
25.113
24.179
24.121
24.299
24.354
23.891
24.843
24.241
23.512
24.319
23.853
24.609
24.332
24.035
24.849
24.702
23.800
24.389
24.451
24.380
24.893
24.142
24.611
23.885
24.519
24.423
24.350
26.413
24.159
24.133
24.093
24.988
24.813
24.368
24.927
24.922
24.548
24.433
24.980
23.848
24.569
24.182
24.128
24.806
23.881
24.815
24.200
24.174
24.400
24.171
23.605
23.797
23.849
24.405
23.808
24.510
23.927
23.966
25.383
24.942
24.309
24.920
24.673
23.482
24.487
24.945
25.129
23.488
24.492
24.274
25.440
24.434
23.705
23.782
23.965
24.363
23.686
23.990
23.994
23.545
24.873
25.162
24.089
25.202
24.616
25.272
24.450
24.397
24.236
24.126
25.258
24.069
24.719
24.475
25.724
25.809
25.095
24.242
24.298
25.009
24.280
24.505
23.988
24.927
24.763
24.270
24.135
24.096
24.739
24.225
24.975
24.573
25.544
24.094
24.508
24.399
24.308
24.457
24.743
25.052
24.883
25.032
24.988
24.822
24.314
25.223
24.841
24.295
24.523
24.876
25.040
24.038
23.677
23.842
24.691
24.796
23.610
24.267
24.127
24.392
24.192
24.499
24.424
24.283
24.662
24.687
24.606
24.061
24.698
24.446
24.064
24.462
25.730
24.000
24.690
24.673
23.973
24.864
24.156
24.054
24.923
25.877
23.881
24.742
24.938
25.289
24.748
24.516
24.788
24.883
23.938
24.373
24.357
25.185
24.189
24.101
24.006
24.972
24.161
24.688
25.550
25.218
24.701
26.454
24.463
24.404
24.141
24.635
23.871
24.193
24.537
25.223
24.165
24.379
24.876
24.229
24.653
23.961
24.068
24.266
24.136
24.503
25.604
24.396
24.939
24.158
24.106
24.388
23.817
24.051
24.079
24.236
24.458
23.771
25.227
24.301
25.243
24.265
23.502
24.139
25.031
23.974
24.797
24.303
25.243
23.801
24.197
27.235
24.571
24.657
24.585
24.293
27.231
24.537
25.068
25.216
24.449
25.553
24.505
25.051
24.558
24.440
24.365
24.729
24.448
24.448
26.983
23.996
24.784
23.573
23.985
23.705
24.079
23.568
24.029
24.766
23.913
24.770
24.444
24.228
23.728
24.266
24.164
25.141
24.658
25.655
24.729
24.457
24.208
23.931
24.094
24.374
24.250
24.641
23.552
25.458
23.839
24.742
24.452
24.482
23.725
25.035
23.766
24.534
25.305
26.270
24.353
23.658
24.769
23.756
25.281
23.954
24.785
24.825
24.287
24.405
23.695
24.960
24.007
25.127
24.570
24.586
24.237
25.147
23.634
24.054
24.070
24.755
23.615
24.679
25.091
24.415
24.429
23.914
25.358
24.448
23.898
24.476
24.210
23.996
25.191
23.515
24.564
25.263
25.175
23.881
24.369
24.152
24.023
24.844
24.349
24.564
24.368
24.408
25.152
25.824
23.651
24.142
24.085
24.280
25.702
24.402
24.709
24.479
24.842
24.401
24.105
24.147
25.647
25.253
24.812
23.881
23.795
24.471
23.861
24.429
25.323
24.259
24.731
24.754
23.669
24.467
23.682
24.676
24.053
25.132
24.414
24.773
24.047
24.676
24.769
24.512
24.031
24.781
24.082
24.893
24.809
24.207
24.953
23.969
25.166
24.962
25.004
25.095
24.358
26.017
23.395
25.693
24.245
24.206
24.548
24.748
26.307
24.991
25.589
23.629
24.007
25.067
24.811
24.162
25.316
25.753
24.290
25.746
23.684
23.824
24.419
24.481
24.112
26.298
24.718
24.777
24.373
24.568
25.368
23.909
25.146
23.431
25.299
23.992
24.145
23.542
24.596
24.234
24.557
23.646
23.954
23.686
24.162
25.350
25.117
24.872
24.127
24.664
24.066
25.158
24.425
24.055
24.087
24.071
24.202
25.576
23.871
24.337
26.389
25.767
24.157
24.836
24.855
26.388
24.505
24.747
24.382
24.156
24.700
24.736
24.233
24.666
23.685
24.441
23.597
24.196
23.485
24.525
24.099
25.351
25.852
24.450
24.562
23.889
24.849
23.872
23.850
24.154
25.476
23.640
26.097
23.910
24.463
24.904
24.187
24.465
24.578
24.857
24.433
25.029
24.372
25.314
24.019
24.711
23.744
25.602
23.731
23.907
23.761
24.456
24.692
25.523
24.352
24.926
25.034
25.175
25.495
24.751
25.250
23.768
23.782
24.395
23.797
24.919
24.313
24.596
24.511
24.483
23.835
24.056
25.274
25.505
24.253
24.186
24.563
25.060
24.618
24.502
24.572
24.184
24.626
24.720
24.924
24.201
24.046
23.746
24.235
23.593
23.972
23.836
24.002
23.468
24.350
24.045
24.176
24.039
24.619
23.643
24.648
24.018
25.340
23.645
24.539
24.348
25.131
24.627
24.911
23.743
25.708
25.261
24.808
24.461
23.839
25.493
24.754
24.561
24.029
24.758
23.967
23.741
24.048
23.627
23.888
24.470
24.921
24.336
25.418
24.365
24.773
24.350
25.775
25.137
24.311
24.010
24.312
24.666
24.365
25.005
24.315
25.764
24.631
24.589
23.524
23.830
23.817
24.180
25.186
24.846
24.164
23.981
24.602
24.393
24.668
24.057
24.900
24.695
24.794
24.506
24.311
23.749
24.670
24.079
24.016
24.031
24.158
24.062
24.035
25.408
23.910
24.718
25.270
24.891
24.699
25.878
25.541
24.600
24.554
23.902
25.272
23.916
24.781
24.131
24.750
24.064
24.548
25.287
24.045
24.494
24.728
24.118
24.608
24.806
24.185
25.537
24.198
24.088
24.535
24.963
25.599
24.124
24.723
24.279
24.359
23.863
24.350
24.002
25.268
23.898
24.367
24.336
25.092
24.242
24.215
24.764
24.914
24.920
24.209
24.619
24.694
24.782
24.560
24.192
25.657
24.286
24.552
24.703
24.921
24.048
24.195
24.782
24.240
24.926
25.687
23.881
24.370
24.604
24.557
24.075
24.002
24.625
23.947
24.413
23.992
24.025
23.629
24.354
24.864
25.725
23.746
25.378
24.117
23.876
23.546
24.376
24.246
24.094
24.753
24.384
24.716
24.488
24.969
25.334
25.816
24.678
25.727
24.880
24.529
24.032
24.548
24.544
24.215
23.835
24.181
23.857
23.689
24.317
25.057
25.708
23.967
25.026
24.310
24.220
24.300
23.704
23.867
24.656
24.117
24.134
23.718
24.834
24.130
23.859
24.640
24.555
24.093
24.892
24.112
23.916
24.160
24.330
25.257
24.356
25.063
25.044
24.594
24.778
24.126
25.249
23.989
24.525
24.635
25.600
25.258
24.566
23.613
24.119
24.701
24.139
23.768
24.003
25.311
23.767
24.891
24.287
23.980
23.581
24.339
24.147
24.184
23.826
24.139
25.021
25.203
24.631
25.649
23.957
24.917
25.179
23.997
24.200
24.916
25.647
23.879
24.968
23.907
24.821
24.707
25.134
24.051
24.538
24.275
24.372
24.999
23.858
24.119
23.892
25.639
24.192
24.119
24.268
24.959
23.921
24.075
24.076
24.557
24.716
24.400
24.105
24.310
24.380
24.653
24.949
24.149
26.972
24.466
24.709
25.046
25.045
24.624
24.621
24.520
24.807
24.205
23.647
24.137
24.785
25.550
24.430
24.500
23.860
23.716
24.336
24.747
24.050
24.866
24.316
23.815
24.170
24.476
23.902
23.911
24.971
24.550
24.506
23.888
25.155
24.312
24.055
23.676
23.955
25.124
23.994
23.749
24.012
26.149
24.181
25.203
24.244
24.180
24.417
25.519
24.256
24.684
25.141
24.060
25.357
24.185
24.839
24.530
25.033
23.624
25.071
25.284
25.867
24.614
24.449
24.036
23.785
23.697
23.903
25.020
24.499
24.321
24.174
25.694
23.900
24.781
23.588
25.131
25.155
24.305
24.511
24.974
25.057
23.532
24.685
23.553
24.151
24.425
24.949
24.200
24.492
24.553
24.849
24.892
24.602
24.667
24.570
25.124
23.643
24.663
23.557
25.088
23.587
25.595
25.009
24.542
24.399
24.357
25.043
24.516
24.487
25.080
23.926
24.382
24.835
24.966
25.123
24.776
24.097
23.779
24.272
23.740
24.541
25.025
24.721
24.155
24.516
25.046
23.863
26.305
24.930
25.097
24.511
24.397
25.630
24.902
24.353
23.527
24.649
24.715
25.335
24.286
24.048
25.380
24.525
24.905
23.840
25.160
25.330
24.156
24.182
24.309
23.797
23.812
24.437
24.484
26.040
24.147
25.273
24.699
24.490
26.248
24.704
24.685
24.169
24.358
25.317
24.765
23.740
24.479
23.598
24.496
24.913
24.017
23.633
23.868
23.807
25.664
24.302
24.711
24.966
24.688
23.705
23.692
24.064
24.202
23.892
24.349
24.171
23.849
24.112
23.945
23.879
24.178
23.853
24.191
23.660
24.197
25.264
24.199
24.560
24.358
24.600
23.710
23.863
23.264
24.054
24.308
24.078
23.780
24.474
25.308
24.338
23.803
24.434
23.623
24.384
23.359
24.284
24.609
24.098
23.832
23.866
24.873
23.834
24.475
23.602
24.137
24.408
24.575
23.922
24.865
23.957
24.218
23.865
24.863
24.231
25.535
25.968
24.815
24.889
24.823
25.976
24.465
24.143
24.275
25.115
23.797
25.401
24.073
25.314
24.571
23.957
26.221
24.026
25.352
24.203
25.208
24.705
23.912
24.292
25.075
24.181
24.378
24.741
25.061
24.036
24.100
25.484
25.354
24.524
24.635
24.151
24.213
24.168
26.334
24.680
24.094
24.231
24.173
24.041
24.598
24.234
24.326
24.586
23.878
24.506
24.027
23.846
23.998
23.573
23.831
26.376
23.932
23.650
23.835
24.162
24.455
24.003
24.558
24.736
23.967
24.139
23.897
24.145
23.947
25.394
24.752
25.382
25.234
24.953
24.982
23.813
23.908
23.965
24.152
23.589
23.914
23.375
25.259
24.365
24.333
25.764
24.898
24.711
24.401
25.138
23.617
24.038
23.849
23.982
24.180
23.983
24.270
25.151
25.012
24.617
24.865
24.774
25.002
24.564
26.162
25.133
24.088
24.549
24.611
23.745
24.126
23.957
24.056
23.772
24.563
24.325
24.923
23.768
24.076
24.329
24.701
23.794
24.286
23.975
24.529
25.108
23.962
24.136
25.909
24.403
24.893
25.573
23.839
24.243
24.430
24.875
24.397
24.768
24.249
24.434
24.489
24.297
24.426
24.449
24.717
24.322
24.033
23.770
24.280
23.702
24.101
23.753
25.126
23.925
24.093
24.631
24.452
24.023
24.454
23.988
24.652
24.156
23.957
24.850
23.853
24.578
23.938
24.873
23.821
25.398
25.698
24.204
24.276
25.233
24.703
23.458
23.536
23.710
25.395
24.037
23.814
23.966
23.953
24.146
24.126
24.702
24.076
25.027
24.817
23.903
24.737
24.068
24.203
24.190
24.430
24.935
24.085
24.531
24.202
23.778
23.594
23.700
24.776
24.398
24.113
25.623
24.293
23.874
24.085
24.278
23.571
24.359
23.696
24.592
23.906
23.929
24.559
24.320
24.234
24.160
25.081
25.027
23.645
25.928
24.101
25.114
24.811
24.185
24.353
23.997
23.721
24.287
23.985
24.983
24.214
23.365
25.395
23.662
25.161
24.887
25.359
24.711
24.273
23.726
23.643
23.929
23.467
24.354
23.741
24.189
23.500
23.568
23.783
25.155
23.883
24.673
25.098
25.794
24.373
24.135
24.948
23.840
24.651
25.102
24.027
24.457
24.897
24.376
24.251
23.874
25.400
23.719
24.759
23.675
23.975
24.821
24.055
23.898
23.880
24.719
26.061
24.617
24.306
24.884
23.969
24.169
24.708
24.682
24.094
24.297
23.856
24.566
23.996
25.477
24.585
24.633
24.740
24.751
24.002
24.399
25.429
24.791
24.692
23.890
25.691
24.638
24.361
24.023
24.417
25.739
23.810
23.990
24.757
24.155
24.369
24.233
24.668
24.145
23.642
23.991
24.031
24.751
24.849
24.228
24.366
23.658
24.721
23.890
25.662
24.462
24.351
24.229
24.637
25.321
24.444
23.860
24.086
23.913
24.593
24.004
26.030
23.571
24.213
23.946
24.047
25.041
23.994
25.403
23.660
24.170
24.289
24.526
24.874
24.572
23.391
24.169
24.955
24.153
23.664
25.157
25.242
24.415
24.533
24.257
24.857
25.277
24.164
24.332
24.239
25.477
26.272
24.205
23.710
25.484
25.227
24.212
24.248
24.518
25.226
25.353
24.447
24.299
24.160
25.066
23.827
24.455
24.622
23.965
24.057
23.814
24.589
23.783
25.884
23.926
24.015
23.756
24.016
23.374
25.511
24.772
24.541
23.491
24.072
23.839
23.980
23.704
24.105
24.343
25.536
24.920
23.843
24.349
24.174
23.662
23.874
24.129
24.349
23.685
23.843
24.811
24.367
24.144
25.006
25.095
24.992
24.215
24.799
24.098
24.152
25.088
25.049
24.546
24.839
24.868
24.187
23.759
24.332
25.725
24.873
24.456
24.343
24.948
23.753
24.716
23.900
25.502
23.827
24.439
24.173
24.302
24.569
23.905
23.543
24.277
23.793
24.041
24.159
24.332
24.599
24.367
23.968
24.094
24.437
24.610
24.095
24.615
24.858
24.922
24.658
23.616
23.981
24.120
25.056
23.799
23.836
24.843
24.731
24.489
25.200
25.137
23.835
24.721
24.632
25.086
24.776
25.647
24.139
24.604
24.016
24.373
23.568
24.367
23.923
24.983
23.708
23.643
24.143
24.972
24.659
24.637
25.739
24.313
23.874
23.522
24.529
23.648
23.737
23.922
24.061
23.858
24.353
25.044
24.387
24.392
24.406
24.183
25.483
24.640
24.714
25.321
24.665
24.194
24.897
25.466
23.827
26.408
26.622
24.496
24.622
24.305
24.775
24.637
24.943
24.724
24.636
24.898
24.274
24.564
24.456
24.089
25.264
24.664
23.643
24.702
23.820
24.315
23.911
25.190
24.654
24.549
24.510
23.799
24.671
24.023
25.242
25.025
25.204
24.589
25.553
24.908
24.509
24.204
24.196
25.234
25.001
24.045
24.815
24.687
24.479
24.464
25.171
24.257
24.510
24.916
23.816
23.833
24.500
24.142
24.861
24.287
24.678
24.313
24.051
24.787
24.048
24.118
23.870
24.656
24.926
24.458
24.384
24.738
25.135
24.606
24.027
25.093
25.290
24.255
24.222
24.607
23.698
23.914
23.725
24.013
23.934
24.291
25.338
24.842
24.875
24.570
24.729
24.527
25.565
24.030
24.429
24.159
24.552
23.971
24.242
24.262
24.718
24.660
24.585
23.924
24.599
24.428
24.060
23.939
25.686
24.051
24.212
23.930
24.592
25.105
24.324
24.617
23.984
24.186
24.703
26.809
24.319
24.611
23.993
23.932
24.097
23.895
23.860
23.707
24.674
24.457
24.225
23.888
24.411
23.610
24.325
24.856
24.538
23.790
25.985
24.773
24.618
23.745
24.522
23.930
24.135
23.970
24.028
24.603
24.515
24.393
25.296
25.139
24.022
24.047
23.881
24.456
23.882
24.505
24.166
24.292
24.489
24.573
24.382
24.078
24.997
23.962
24.478
24.354
24.876
24.109
24.561
24.204
23.753
23.653
23.939
24.252
24.481
24.930
25.341
23.951
25.896
25.588
24.926
25.338
23.685
24.100
23.749
24.602
24.507
23.715
25.715
24.298
23.727
23.967
23.824
24.919
24.809
24.041
23.864
24.180
25.240
23.964
25.208
24.311
24.752
25.437
25.200
24.520
24.445
24.279
23.757
26.462
24.904
24.650
24.048
24.484
24.064
24.091
24.526
24.010
24.239
24.632
24.712
23.920
24.451
23.981
24.665
23.792
24.058
24.320
23.902
24.216
24.331
24.089
24.821
24.711
23.805
24.681
24.610
24.549
25.147
24.532
24.955
23.663
23.597
24.467
24.296
23.761
24.059
24.616
24.240
24.579
23.564
24.005
24.278
24.811
23.636
24.418
24.581
26.428
23.542
24.856
24.240
24.893
25.137
23.724
24.426
24.623
23.759
23.677
24.518
24.688
25.128
23.744
24.937
24.644
24.199
23.499
23.899
24.612
23.967
25.010
23.985
23.807
24.875
24.092
24.933
24.124
24.135
24.224
24.019
24.176
24.649
24.705
25.193
25.452
24.351
24.254
23.896
24.124
24.630
24.951
25.375
24.129
24.743
24.489
23.974
23.863
24.462
23.874
25.265
24.323
24.393
24.424
24.565
23.816
24.314
24.721
24.428
23.911
23.714
24.038
25.262
24.525
24.193
24.952
24.694
25.171
23.575
25.124
24.707
24.440
23.996
24.737
24.129
24.623
24.460
24.268
24.996
26.280
25.135
24.372
24.224
25.216
24.882
24.394
24.018
24.602
24.278
25.223
24.853
24.995
25.475
23.981
24.707
23.989
24.830
24.438
24.149
23.916
24.007
24.459
23.877
23.648
24.798
24.615
24.336
24.107
24.342
24.083
26.139
23.812
24.622
25.482
25.017
24.709
23.963
24.336
25.547
26.212
24.994
24.485
25.198
24.410
26.190
23.680
25.088
24.580
24.304
23.929
24.884
25.535
23.709
23.786
25.157
24.069
24.296
23.921
23.749
24.957
23.879
25.021
24.237
24.134
24.728
24.325
23.805
24.851
24.010
24.214
24.796
25.135
24.039
24.396
24.542
24.526
23.962
23.919
24.281
24.985
25.143
24.461
24.658
23.959
24.628
23.973
24.143
25.238
23.844
24.578
24.698
23.998
24.323
23.917
24.547
23.895
24.590
24.984
25.220
24.041
23.884
24.855
25.788
25.537
23.985
24.756
25.356
24.323
25.415
23.826
23.964
24.315
24.617
24.407
23.895
23.807
24.452
23.977
24.841
25.295
24.336
24.072
24.347
24.183
23.930
24.016
26.123
24.295
24.024
25.116
24.255
24.115
24.426
24.491
23.942
24.881
24.420
24.779
24.721
24.000
24.108
23.881
24.465
23.817
24.840
24.292
24.047
23.746
24.420
24.888
25.107
24.858
24.661
24.205
24.589
24.669
23.984
24.784
24.068
24.251
25.664
24.832
25.089
24.674
24.380
25.034
25.175
23.724
24.018
24.488
23.912
23.721
24.321
25.202
24.789
24.058
24.229
25.003
24.109
24.130
24.523
24.070
24.811
24.173
24.465
24.397
24.048
24.600
24.580
23.977
25.039
23.889
24.883
25.052
25.148
23.847
24.630
24.404
25.116
23.820
25.160
25.372
24.905
23.969
24.552
24.039
24.559
24.478
24.046
24.775
24.483
24.286
24.767
25.350
23.759
24.790
23.906
23.921
24.574
25.538
24.109
24.686
25.240
24.508
24.308
24.808
24.213
25.182
24.091
24.029
25.599
24.907
24.340
25.038
24.106
24.770
24.752
24.949
24.854
24.469
24.329
25.402
23.768
25.917
24.975
24.354
23.631
24.989
24.789
23.880
24.647
24.748
24.170
24.619
24.164
24.515
24.063
24.036
23.775
24.374
24.548
23.909
24.898
23.628
24.565
24.781
26.088
25.835
24.035
25.164
25.730
24.210
23.969
23.919
23.953
24.850
24.090
24.597
23.937
24.359
23.679
26.173
25.053
23.967
24.945
24.533
24.520
24.828
23.979
24.181
25.537
25.528
24.575
24.149
24.266
23.996
24.561
24.363
24.457
24.413
24.324
25.278
23.649
24.072
24.562
23.804
23.958
25.938
24.604
23.969
24.586
24.012
25.523
24.484
24.294
24.332
23.873
25.921
23.844
24.275
24.491
24.586
24.135
24.048
24.587
25.077
24.555
23.764
24.191
24.542
24.390
25.692
24.965
25.832
25.552
23.833
24.575
24.576
24.837
25.160
24.190
24.103
24.006
23.981
24.166
23.791
25.389
25.212
23.753
24.043
23.868
24.262
23.771
24.066
24.731
25.070
23.980
24.482
24.510
24.339
24.128
24.124
24.306
23.865
24.227
23.658
24.575
23.942
24.572
24.228
23.771
25.902
24.931
25.075
23.984
24.030
24.679
23.922
25.080
24.492
24.882
24.203
24.406
24.710
24.044
24.282
23.774
24.003
25.001
24.035
24.318
24.058
24.246
25.358
24.504
24.814
24.055
23.988
24.512
24.988
24.169
24.608
25.385
24.429
23.901
24.261
24.001
24.177
24.040
24.754
25.123
23.917
24.150
24.199
25.123
25.064
24.247
23.738
24.296
23.995
24.376
24.132
24.393
24.828
24.257
24.616
24.663
25.527
24.138
25.728
24.684
25.399
24.289
24.527
23.988
25.577
24.277
24.092
25.032
25.185
24.151
24.146
23.896
23.721
24.383
25.249
24.265
24.283
24.333
25.384
24.431
23.971
24.106
24.352
24.127
24.653
24.287
24.688
24.928
24.705
23.997
25.291
24.229
24.445
24.011
24.712
26.010
23.856
24.523
24.431
24.429
24.022
23.987
24.608
25.188
24.892
24.671
24.024
24.521
24.253
24.312
24.263
23.976
24.220
24.432
24.288
24.482
24.974
24.868
24.254
24.147
23.990
24.857
24.697
24.794
24.709
25.359
24.229
24.035
24.651
26.936
24.742
24.480
25.293
24.123
26.147
24.579
24.769
24.352
24.893
24.174
24.789
23.855
24.640
24.051
24.351
24.162
24.788
24.155
24.890
24.909
23.820
24.489
24.585
23.888
24.744
24.790
25.335
24.922
25.261
25.318
25.055
23.981
24.056
24.615
24.115
24.797
24.035
23.727
24.406
23.949
24.160
23.823
24.514
24.270
24.393
24.326
23.906
24.568
24.520
23.945
24.606
24.220
23.898
24.805
24.044
24.156
23.869
24.930
24.803
25.281
25.935
26.075
25.709
23.895
24.269
24.747
24.128
24.958
23.856
24.667
24.172
24.536
24.129
25.475
25.542
24.135
23.945
24.548
24.371
25.161
24.392
24.163
24.957
24.035
23.907
26.429
24.743
25.132
24.966
23.811
24.038
24.685
24.028
24.243
24.811
24.542
24.253
24.662
24.433
25.414
24.498
24.672
24.415
24.802
24.404
24.291
25.362
24.380
24.323
24.029
23.935
24.310
25.060
24.025
24.650
24.573
24.747
24.638
25.209
24.857
25.099
24.236
24.028
24.005
24.642
24.258
23.946
24.441
23.985
24.258
25.230
24.076
24.028
24.179
24.212
25.056
24.662
24.731
24.382
23.711
24.277
24.285
24.763
23.844
24.012
24.212
24.100
23.812
24.277
23.961
24.463
25.098
24.869
24.073
24.075
25.226
25.114
25.623
24.966
25.029
24.561
24.418
24.035
24.632
24.729
25.249
24.766
23.857
24.278
24.240
24.376
24.990
24.133
24.744
24.426
24.729
24.305
24.705
24.591
24.810
24.539
24.990
24.531
24.327
24.160
24.827
23.932
23.846
24.819
24.190
23.787
23.797
24.026
24.010
24.743
24.063
25.022
24.828
24.111
24.578
24.533
24.062
25.938
25.048
24.155
24.393
25.596
25.237
24.239
23.894
24.985
24.114
25.045
24.480
24.767
25.131
23.678
23.854
24.249
24.105
24.676
24.332
25.433
26.149
23.891
24.009
23.952
24.786
25.546
24.519
24.404
24.330
24.233
24.774
24.050
23.905
24.098
25.207
24.953
23.741
23.862
24.037
24.974
24.409
24.224
24.234
24.715
23.765
24.267
24.876
24.004
23.990
25.288
24.708
25.705
23.743
24.507
24.585
23.943
23.941
24.000
24.352
24.876
24.412
24.359
24.146
26.555
24.010
24.598
25.110
24.440
25.944
24.638
24.246
24.608
24.093
24.586
23.936
23.997
24.946
24.426
24.237
24.090
24.229
25.076
24.053
23.795
24.252
24.145
24.062
24.035
24.930
25.917
25.546
24.863
23.863
24.687
24.428
24.588
23.812
24.337
24.726
23.819
23.680
24.124
24.561
24.501
24.250
24.484
24.063
23.711
23.588
24.059
24.130
24.684
24.528
24.155
24.626
24.245
25.404
24.693
24.733
25.332
24.609
24.127
24.384
24.718
24.585
25.176
25.536
24.906
24.623
24.562
24.387
24.680
24.214
24.972
24.582
24.780
25.106
23.973
23.837
23.876
24.159
24.401
23.960
24.143
24.500
24.766
23.845
24.089
24.849
23.881
24.036
24.004
24.669
24.117
23.833
24.128
24.877
24.569
24.680
23.928
24.601
24.326
24.021
23.916
24.943
24.361
24.302
24.097
24.632
24.248
24.095
24.498
24.042
25.514
25.429
25.423
24.886
23.969
24.724
23.941
23.738
24.568
24.057
26.147
24.530
24.006
24.693
25.324
24.078
24.016
25.910
25.597
24.712
24.804
24.474
24.860
24.030
24.074
23.699
23.933
25.945
25.743
23.865
24.365
24.187
24.219
26.363
24.519
25.089
25.043
23.998
23.993
24.173
24.902
24.566
24.896
24.740
25.487
24.562
23.937
24.183
24.505
24.669
24.244
23.643
24.651
25.327
25.455
24.411
24.810
24.331
24.277
25.531
24.018
24.288
24.056
23.923
23.784
24.232
24.681
25.093
23.867
24.352
24.013
24.464
25.285
25.119
25.144
24.296
25.327
24.233
24.855
24.204
24.812
25.105
24.703
24.803
24.214
24.488
24.799
24.152
25.717
24.341
24.066
24.904
24.190
24.648
24.441
24.369
24.476
24.169
24.726
24.295
24.570
24.788
24.377
24.290
24.660
24.186
24.618
24.088
24.645
24.173
24.165
24.514
24.201
24.534
24.848
25.122
24.517
25.986
24.749
24.041
25.229
24.560
24.757
24.295
24.038
24.025
24.174
24.545
24.311
24.563
25.240
25.225
24.934
24.072
24.063
24.292
24.192
25.347
24.267
24.428
25.125
24.681
24.967
25.313
25.479
24.981
24.504
24.418
24.233
24.738
23.966
24.213
25.028
25.069
24.116
24.574
24.254
24.201
24.724
25.085
24.033
24.808
24.184
25.577
24.067
24.951
25.610
26.627
25.159
24.703
24.318
24.586
24.816
24.870
25.102
25.580
24.187
24.667
24.069
24.606
24.809
25.696
24.581
24.115
24.908
24.756
24.399
24.467
24.409
24.277
25.283
24.455
24.757
24.358
24.078
24.140
24.528
24.155
24.818
24.073
24.355
24.172
24.161
24.116
24.403
24.940
24.972
24.056
25.207
24.400
24.240
25.165
24.172
25.057
24.249
25.331
24.617
25.117
24.842
24.261
24.948
25.162
24.697
24.715
24.732
23.985
24.400
24.769
24.411
24.070
24.057
24.812
24.196
24.081
24.630
24.403
25.271
25.055
24.067
24.132
24.191
24.598
24.034
24.933
24.812
24.702
24.324
24.077
24.399
24.988
24.211
25.098
23.951
25.399
25.004
25.665
24.041
24.729
24.182
24.548
24.236
24.078
24.105
24.278
24.622
24.194
25.002
24.844
24.021
24.284
24.832
24.567
24.865
24.887
24.696
25.101
24.906
23.907
23.664
24.080
25.315
23.694
24.080
23.898
24.039
23.758
23.976
24.777
24.559
24.591
24.581
26.168
26.435
25.382
24.640
24.406
24.387
24.892
23.960
23.961
24.269
25.352
24.772
24.105
24.357
24.302
25.274
24.474
23.904
23.972
25.225
24.074
23.952
24.421
25.888
25.741
24.668
24.507
24.699
25.066
25.900
24.158
24.250
24.938
24.973
25.313
24.383
24.939
24.458
25.177
24.597
24.333
24.670
24.694
24.335
24.718
25.532
24.636
24.009
23.948
25.086
24.458
24.270
23.760
24.251
25.043
24.323
23.744
24.698
24.213
24.968
24.970
24.518
24.642
24.558
24.344
24.884
25.063
24.633
24.180
24.150
24.136
24.670
24.263
24.727
23.945
24.932
24.173
24.199
24.568
24.291
24.901
24.111
24.212
24.653
25.786
24.525
24.977
24.478
25.667
25.692
24.762
24.836
24.136
24.700
24.209
24.063
24.055
24.164
24.835
24.457
24.166
25.220
24.936
24.347
25.989
24.030
24.651
25.174
24.996
23.812
24.955
24.522
24.520
25.151
24.656
24.316
24.434
23.815
23.890
25.030
24.344
23.668
23.976
24.163
24.664
24.388
24.001
25.179
24.592
24.612
24.079
24.529
24.832
24.910
24.930
25.148
25.024
25.633
24.214
25.151
24.930
24.866
24.663
24.122
24.159
25.399
24.387
24.761
23.983
24.148
24.546
24.731
24.564
24.537
24.136
25.327
24.078
25.337
24.877
24.345
24.709
24.182
24.207
24.478
24.144
25.148
24.241
24.121
24.167
24.102
24.586
24.836
25.057
26.302
23.685
24.970
24.164
24.607
24.283
24.095
24.609
24.916
24.217
25.541
27.266
25.381
24.736
24.128
24.898
23.909
25.093
24.515
24.970
24.661
24.650
24.487
24.442
24.580
24.684
24.872
24.921
24.435
24.488
24.149
24.574
23.973
24.980
24.296
24.511
24.321
24.948
24.599
24.187
24.651
25.286
24.368
24.036
24.265
23.718
24.212
25.103
25.349
24.389
24.365
24.174
23.997
24.482
24.330
25.229
25.099
24.240
24.189
24.902
25.157
24.659
24.409
24.572
24.151
25.520
24.238
23.713
24.002
24.104
24.042
24.077
23.876
25.865
23.909
23.600
24.097
25.282
23.949
23.685
24.981
24.665
25.809
24.413
24.337
24.033
24.297
24.541
23.949
25.558
24.358
24.084
23.672
24.755
25.093
24.287
24.609
23.946
24.782
24.340
24.120
24.073
23.870
25.332
24.814
23.959
25.153
23.996
24.736
23.706
24.178
24.572
24.046
23.862
24.198
25.561
25.044
24.701
23.888
24.635
24.236
24.759
24.346
25.186
24.294
24.507
23.664
24.604
23.943
23.954
24.482
24.440
24.663
25.295
24.551
23.887
25.611
24.368
24.287
23.730
24.760
24.449
23.892
24.358
24.345
24.724
24.292
24.009
24.388
24.125
24.651
24.562
24.431
24.838
24.899
24.109
24.238
24.547
24.317
23.925
23.771
23.938
24.729
23.955
23.784
24.620
24.106
24.092
24.477
24.904
24.509
24.133
24.688
24.331
24.145
24.721
24.546
24.286
25.982
24.826
24.387
23.747
24.839
24.877
24.556
24.506
24.180
24.420
23.998
24.970
24.004
24.726
24.383
24.811
24.339
24.834
24.160
23.922
24.218
23.990
24.290
24.381
24.748
24.340
23.895
25.338
24.936
25.116
24.958
23.960
24.653
23.989
23.827
25.302
24.956
24.515
24.321
23.967
24.798
23.850
23.597
24.783
24.508
24.042
23.940
24.083
24.039
24.114
23.951
24.457
24.169
24.171
23.800
24.457
25.112
24.017
24.539
23.940
25.073
25.065
25.069
24.721
24.765
23.961
23.897
23.684
24.892
24.537
23.984
25.720
24.017
24.670
24.285
25.397
24.563
24.441
24.805
24.718
24.006
24.244
25.646
24.095
24.019
23.785
25.024
24.222
24.044
24.846
24.699
25.245
24.127
24.303
24.888
24.295
24.056
25.402
26.251
25.818
24.872
25.002
24.523
26.011
27.545
24.971
24.643
24.197
25.166
24.696
25.329
24.659
25.323
27.710
26.549
25.054
24.263
24.446
25.107
24.685
24.516
23.642
24.561
23.992
24.683
24.615
24.383
24.652
24.679
24.891
25.020
24.969
24.956
23.947
24.239
24.245
23.925
25.028
24.061
24.416
24.093
25.273
24.260
23.705
24.181
24.300
24.483
23.645
25.115
24.383
24.405
23.921
25.243
24.517
24.904
23.788
24.416
24.865
24.039
24.306
25.234
25.641
24.675
24.598
24.376
25.325
24.149
23.957
23.945
23.927
24.586
24.243
23.869
23.778
24.990
24.379
23.805
23.909
24.809
24.684
24.549
25.044
24.122
25.235
25.056
24.609
23.856
24.833
24.538
24.069
23.988
25.257
26.773
24.570
24.584
26.111
24.159
24.537
26.461
24.125
24.528
24.858
24.266
23.983
24.409
24.417
24.845
23.941
24.620
24.942
24.007
24.031
24.848
24.859
24.616
24.942
24.168
23.863
23.960
23.958
23.767
23.782
23.937
24.113
23.896
24.304
23.877
23.897
23.746
23.914
24.784
24.018
24.592
24.317
23.929
24.475
24.491
24.976
24.625
24.747
25.168
24.439
24.214
24.942
24.456
24.979
25.506
23.928
25.457
23.990
24.939
25.150
23.982
24.656
25.193
25.239
23.998
23.845
24.676
24.132
25.091
24.591
24.105
24.187
25.037
24.918
25.553
23.850
23.864
24.254
24.641
24.636
25.099
24.965
24.385
23.896
23.819
24.067
24.565
24.245
23.531
24.393
24.666
24.224
24.377
24.431
24.928
23.947
24.352
23.762
24.474
24.727
24.604
23.628
24.733
24.052
24.426
23.957
25.219
24.548
24.609
24.690
24.960
25.494
24.743
25.039
23.833
25.735
24.558
24.305
24.190
25.051
24.950
25.215
24.948
24.139
24.530
24.635
24.781
25.452
24.466
24.510
24.026
24.518
24.814
24.248
25.800
24.188
25.235
25.058
24.078
24.124
24.518
24.468
24.486
24.572
24.451
23.683
25.004
24.764
23.818
23.965
23.855
24.409
25.699
24.201
25.031
24.811
24.844
24.686
25.261
25.956
24.252
23.924
23.403
24.862
24.641
25.131
23.517
25.937
24.595
24.601
23.584
24.353
24.682
25.450
23.754
24.527
23.933
24.241
24.471
23.707
24.450
23.930
23.927
24.230
25.468
24.308
24.935
25.480
24.327
24.701
24.384
23.730
23.680
24.262
25.126
24.091
24.139
24.674
24.340
24.429
23.920
23.789
24.437
24.333
23.631
23.845
24.171
24.301
23.908
24.367
24.569
23.970
23.685
24.063
23.867
24.505
24.192
23.996
23.989
24.167
24.008
24.987
24.225
24.521
24.017
23.883
24.836
25.739
24.720
23.818
25.783
24.409
25.055
23.583
24.034
24.289
24.151
23.870
23.908
23.815
25.334
24.305
23.585
24.056
25.153
25.136
24.264
24.309
24.675
24.620
23.634
23.881
23.918
23.992
23.500
23.993
25.517
29.300
25.627
25.254
26.217
24.956
24.930
24.204
23.970
25.336
24.426
25.303
23.666
24.314
24.500
24.737
23.776
23.941
23.805
26.999
24.223
23.767
25.609
24.303
25.137
24.316
24.090
24.561
23.964
23.637
24.296
25.089
24.832
23.934
23.653
24.425
24.215
23.940
25.003
24.579
25.035
24.443
23.618
24.641
24.101
24.211
24.310
24.057
24.146
24.834
24.419
23.982
23.937
24.057
24.486
24.284
23.945
23.997
24.505
23.698
25.188
24.762
24.362
23.969
24.801
24.659
25.213
23.970
24.730
24.493
24.858
25.135
24.061
24.582
24.929
24.489
23.820
23.876
24.081
24.512
24.454
25.107
23.870
24.868
24.580
23.937
25.154
24.082
23.840
24.682
25.147
24.631
24.005
23.930
25.335
25.408
25.504
23.961
23.958
24.023
24.168
24.849
23.672
23.951
24.456
24.155
23.601
24.173
24.150
23.816
24.048
23.846
24.767
23.908
24.151
25.231
25.966
24.671
24.636
25.121
26.092
24.026
25.178
23.447
25.174
23.865
25.729
23.396
24.246
23.744
23.912
23.882
25.034
24.130
24.442
24.078
23.824
24.962
24.426
24.558
23.836
23.821
25.099
24.222
23.888
24.582
24.023
24.760
23.463
24.724
24.028
24.278
24.307
25.161
23.927
24.947
23.922
23.782
24.289
24.418
23.629
24.765
23.987
24.359
23.608
24.343
24.185
24.539
24.742
24.368
24.830
24.417
23.744
25.025
24.216
24.075
25.270
23.845
24.609
24.704
24.461
23.994
25.459
25.578
24.341
24.097
24.165
25.218
23.802
24.957
24.428
24.155
24.001
24.122
23.845
24.126
24.236
24.868
23.710
24.632
24.202
24.765
24.696
23.885
23.864
25.391
23.962
24.539
24.256
24.414
25.442
23.500
25.026
24.408
25.318
24.425
24.290
24.406
24.374
23.745
24.736
25.392
24.001
24.609
24.371
23.924
23.927
25.471
24.053
25.455
25.899
24.599
26.004
23.798
25.003
24.330
25.997
24.408
24.124
25.549
23.956
23.923
24.130
24.059
23.748
23.886
24.276
24.691
24.586
25.457
25.242
25.526
25.257
25.222
24.574
23.535
24.350
24.372
24.254
24.334
24.227
24.463
23.959
23.415
24.514
24.474
25.210
23.581
25.441
25.200
23.809
23.828
24.362
24.336
24.216
23.865
23.498
24.182
24.036
25.216
24.484
24.776
25.268
24.843
25.869
25.802
24.922
24.272
25.059
23.966
24.042
24.246
25.016
25.049
25.716
24.105
26.889
24.011
24.263
24.348
24.738
25.146
23.936
24.851
24.853
24.845
24.470
23.684
24.754
25.255
23.959
23.497
24.934
24.347
26.284
24.689
24.478
24.851
25.087
24.247
24.173
24.488
24.550
24.377
23.900
25.024
23.787
25.004
23.821
24.922
24.174
24.702
24.761
24.717
24.611
25.430
23.922
23.646
24.503
24.817
24.063
23.769
24.703
25.848
23.876
24.732
23.941
25.023
23.812
24.413
23.550
24.323
24.583
24.827
24.154
24.928
24.071
24.518
23.799
24.844
24.098
24.662
24.748
24.007
25.346
24.995
25.582
24.024
25.244
24.392
23.946
23.653
24.180
24.343
24.663
24.701
23.959
23.899
23.860
23.661
24.095
23.981
27.458
24.797
23.663
24.843
24.476
25.111
23.838
24.152
24.669
23.832
24.068
24.719
25.826
24.650
24.020
23.956
24.189
25.072
24.610
24.359
24.712
25.413
24.060
24.840
24.278
24.934
23.998
24.469
24.411
24.626
25.281
24.242
24.169
24.672
24.569
24.642
23.761
24.711
24.977
24.478
24.843
24.041
24.210
24.377
25.745
24.143
24.476
25.848
24.082
24.398
24.874
25.260
25.153
24.944
25.196
25.193
24.130
24.451
25.090
25.512
24.194
24.529
24.600
24.371
24.170
25.149
23.793
23.982
23.943
25.169
25.148
23.974
24.672
25.219
24.639
23.768
24.063
24.238
24.647
24.979
24.076
24.533
24.419
24.395
24.111
24.494
23.964
24.953
24.464
24.379
24.941
24.905
24.007
24.777
25.193
25.108
25.192
23.736
25.293
24.212
24.445
23.787
24.091
24.938
25.746
25.107
24.297
24.146
24.143
24.005
24.333
24.381
24.355
23.827
23.701
24.247
23.950
23.735
23.480
24.003
23.769
24.207
23.830
23.872
24.343
24.593
24.904
23.963
24.593
24.794
24.421
24.367
24.981
23.973
24.604
24.151
25.295
23.974
25.687
24.043
23.842
26.246
25.636
24.919
23.957
24.230
24.142
24.797
23.876
25.530
24.960
25.330
25.024
24.298
25.045
24.894
24.473
23.870
24.802
24.203
24.074
24.367
24.591
24.783
24.131
24.376
23.891
24.966
24.435
24.790
23.842
24.587
26.097
24.660
23.570
23.867
24.026
24.330
24.280
25.377
25.469
24.073
24.605
23.744
24.199
24.257
25.047
24.392
25.973
25.634
24.639
24.723
24.151
24.489
24.909
24.642
23.481
23.835
23.889
24.656
24.313
24.084
24.362
24.920
23.649
25.062
24.518
24.185
23.811
23.623
23.984
24.704
23.814
24.754
25.309
24.138
24.751
23.849
24.466
25.274
24.619
23.429
25.639
25.200
24.559
24.519
23.941
24.992
24.121
25.303
23.673
24.989
25.738
24.311
23.639
25.081
25.459
25.841
24.609
24.176
24.302
23.907
24.298
23.823
24.655
24.629
24.313
23.510
24.094
25.384
23.959
23.580
25.060
24.492
24.498
24.472
23.729
25.502
24.745
25.047
23.595
23.903
24.629
24.444
23.520
24.829
23.906
23.783
23.184
23.839
24.536
25.341
24.504
23.841
25.208
23.863
24.579
24.045
26.048
24.091
24.919
24.572
25.184
26.568
24.948
25.566
24.069
25.307
24.962
24.041
24.716
24.085
25.246
24.383
23.697
24.001
24.546
24.232
23.994
24.299
25.500
24.023
24.318
24.637
25.176
25.450
24.205
25.263
25.390
24.137
26.296
24.654
24.441
24.164
24.868
24.051
24.782
24.019
25.259
24.972
24.783
24.334
24.212
24.517
24.426
23.490
24.704
24.264
24.246
24.601
25.700
24.813
23.822
25.302
24.318
24.684
23.835
25.387
24.210
23.915
24.540
25.698
25.080
24.778
24.204
24.382
24.548
24.525
25.457
24.169
24.056
24.282
25.930
24.602
24.935
24.610
23.813
24.258
25.603
24.545
24.737
24.045
25.095
24.027
24.546
24.026
24.581
24.793
24.902
24.275
24.614
24.364
24.084
23.854
25.067
25.143
24.399
24.031
23.842
25.276
24.033
24.467
23.840
24.862
24.619
24.527
24.963
24.216
24.561
25.217
24.456
24.000
24.194
25.141
24.120
23.994
24.344
24.625
25.489
23.651
24.893
25.162
24.076
25.155
24.886
24.654
24.622
23.671
23.746
24.254
23.769
23.727
23.551
24.672
25.416
26.418
23.726
25.033
24.336
24.201
24.190
24.085
25.088
24.467
24.162
24.224
25.196
24.117
24.643
23.679
24.735
24.647
26.342
23.521
23.724
24.778
24.785
23.674
24.309
24.815
24.933
25.553
24.055
25.058
24.802
24.779
23.383
24.578
23.910
24.975
23.833
24.258
24.546
24.554
23.648
23.692
25.483
24.342
23.892
24.648
24.868
24.174
23.839
23.967
24.787
24.498
24.463
24.696
25.858
24.801
25.833
25.364
23.962
25.521
25.252
24.280
23.587
24.199
24.393
24.627
23.558
24.237
24.350
25.088
24.586
23.999
24.398
23.721
24.618
24.190
24.529
24.572
24.811
23.717
24.115
24.720
23.997
23.907
24.068
24.749
24.529
23.577
23.724
25.083
25.660
24.886
23.772
25.990
24.256
25.391
23.823
24.292
24.366
24.695
23.623
25.862
24.924
25.492
24.313
23.976
23.955
23.801
24.458
23.384
23.910
23.746
24.036
24.091
24.928
24.139
23.958
23.830
24.365
25.882
24.041
24.645
23.886
24.726
24.457
23.971
23.755
24.508
24.429
23.788
23.520
24.443
23.658
24.613
23.935
24.260
25.420
26.281
23.795
24.575
25.096
23.950
24.345
24.768
24.190
23.812
23.811
23.893
24.130
25.374
24.619
23.687
24.215
24.924
24.168
23.897
24.842
24.057
24.540
23.516
24.766
24.685
24.387
24.238
23.896
24.639
24.679
24.206
23.960
24.516
23.673
24.459
24.040
25.100
24.031
24.219
23.459
23.940
23.678
24.419
23.935
25.551
24.692
23.810
24.565
24.129
25.057
23.940
24.023
24.782
25.003
25.534
23.867
24.036
24.046
24.198
25.211
24.006
24.813
23.781
25.141
24.117
24.306
24.450
23.774
24.846
23.997
24.165
24.912
24.924
24.009
24.322
24.400
25.512
23.746
23.884
24.633
24.821
23.490
24.283
24.624
24.116
23.313
24.929
25.093
25.165
24.338
24.581
25.890
24.135
25.635
23.271
24.516
23.717
25.131
24.868
24.488
24.849
24.721
24.891
24.154
24.655
24.511
25.083
24.704
24.037
24.509
24.458
24.723
24.969
23.913
24.479
23.852
24.166
24.354
23.888
24.016
24.230
24.617
24.103
24.709
24.134
24.530
24.968
24.412
23.910
23.832
23.793
24.656
23.858
25.074
24.135
25.053
24.824
24.298
24.302
24.164
24.392
24.014
25.172
23.911
25.872
24.331
24.311
24.493
24.884
24.695
24.494
25.909
25.851
24.326
23.781
24.456
23.859
25.586
23.884
23.709
25.208
25.291
24.830
24.196
24.521
25.243
24.845
24.967
24.074
24.025
24.183
23.831
23.988
23.985
23.626
23.421
24.568
23.923
24.420
23.896
24.672
25.546
23.777
23.741
23.673
24.607
24.012
24.407
24.335
25.228
23.778
24.556
23.963
25.005
24.361
23.755
24.067
23.991
23.655
24.365
23.929
24.759
24.536
24.404
24.171
23.642
23.818
24.345
24.205
25.301
24.335
23.961
25.444
24.173
24.039
24.599
24.637
23.576
24.381
24.262
23.974
23.522
24.108
24.729
24.165
23.990
25.089
25.524
24.553
24.296
24.115
25.103
25.334
23.946
23.950
24.490
25.836
24.668
23.918
24.343
26.253
23.852
24.140
23.776
24.753
24.336
24.820
23.847
24.234
24.784
24.667
24.526
24.550
24.165
23.920
23.993
24.160
25.220
23.975
24.411
23.772
24.129
23.796
24.904
24.277
24.673
23.976
24.529
24.347
24.452
25.386
24.264
24.808
24.332
24.436
23.720
24.634
24.100
24.723
26.439
23.980
23.991
24.586
24.950
24.550
24.339
24.550
25.205
23.826
23.988
24.069
24.869
24.325
24.533
23.891
24.007
23.779
24.004
24.340
24.206
24.107
24.190
24.066
25.167
25.118
25.229
23.532
24.748
24.844
23.880
25.164
23.814
25.394
24.692
24.341
24.550
24.830
24.253
25.803
23.659
23.598
23.991
23.733
24.197
23.988
24.596
24.048
24.920
25.037
24.664
25.253
24.277
23.423
24.360
25.370
24.083
24.607
24.281
24.350
23.703
23.693
24.638
25.192
23.794
24.986
24.182
24.900
23.784
24.075
24.030
24.669
23.806
24.432
23.293
24.186
24.966
24.661
23.492
24.045
24.270
23.625
23.441
25.152
24.242
24.121
23.861
23.960
25.674
24.234
23.993
24.174
25.432
24.193
23.712
23.619
25.547
24.317
24.193
24.273
24.128
24.830
24.081
23.617
24.419
24.079
23.761
24.415
23.832
24.055
24.020
23.792
23.735
24.439
24.833
23.639
24.966
24.465
23.699
24.083
24.680
25.675
23.708
24.165
24.379
24.287
24.262
23.647
23.962
24.946
24.414
25.085
23.493
24.935
24.130
23.954
24.550
24.654
24.172
23.881
23.996
25.408
25.167
25.112
24.931
23.559
23.952
24.406
25.181
23.526
24.507
24.771
23.749
23.911
24.786
24.372
23.933
24.242
23.751
24.970
23.727
24.252
24.037
24.701
24.887
24.058
23.486
24.613
23.757
23.854
23.816
24.928
25.145
23.804
24.293
25.941
25.046
24.689
24.700
23.786
24.804
24.398
23.667
23.525
23.887
24.546
23.988
23.865
24.201
23.844
24.338
23.905
23.867
24.505
23.717
23.383
23.841
24.187
23.993
24.338
24.612
24.023
23.635
23.622
24.188
24.748
23.633
23.531
24.884
24.718
25.018
23.768
24.616
24.221
24.212
24.910
23.763
23.782
24.242
24.649
24.284
24.906
23.877
24.430
23.977
25.955
24.587
23.974
24.206
24.751
25.354
24.245
25.328
23.638
24.393
25.789
25.173
24.393
25.552
23.909
24.500
24.640
24.252
24.291
23.951
23.835
24.076
23.839
24.910
24.092
23.840
23.979
25.423
24.462
23.401
25.275
25.171
24.341
24.046
23.808
24.384
24.192
24.099
23.958
24.559
25.133
25.024
24.419
24.172
25.688
24.775
23.960
23.906
24.898
24.441
23.689
24.204
26.166
24.646
26.496
23.895
24.722
25.037
24.064
24.034
24.767
23.940
24.424
23.731
23.685
23.814
25.276
24.077
24.353
24.520
24.432
24.696
23.447
24.847
23.871
23.797
23.984
23.808
24.154
24.137
23.519
25.416
23.882
25.183
24.348
23.934
24.703
23.941
23.692
24.512
23.891
24.846
23.552
24.359
24.117
24.500
24.795
23.901
24.665
24.321
24.342
24.545
24.487
26.602
24.651
23.559
24.903
24.460
24.181
23.650
24.181
24.669
24.129
23.922
24.044
25.744
24.593
24.866
23.826
24.551
25.468
25.035
24.123
23.958
25.697
24.281
24.975
23.428
25.559
23.909
23.964
23.448
24.735
25.411
24.230
23.719
25.150
24.638
24.003
23.314
23.847
24.896
24.199
23.704
24.643
24.729
23.814
23.268
24.602
23.935
24.319
23.726
24.935
25.474
24.237
24.005
23.917
24.078
24.659
24.500
24.368
25.092
25.497
24.194
23.255
23.778
24.524
24.278
24.311
25.187
24.386
23.786
24.249
23.631
26.171
24.624
23.655
24.133
24.264
24.700
23.621
23.627
24.603
24.735
25.129
23.949
24.566
25.422
24.154
24.246
23.817
24.734
24.906
24.063
23.809
24.362
23.994
23.661
23.715
25.138
23.855
23.988
23.880
24.645
24.460
23.862
23.568
24.573
24.664
24.412
23.699
24.682
23.890
23.787
23.686
23.924
24.554
24.403
24.223
24.057
24.194
23.944
23.300
24.012
25.593
24.871
23.955
23.827
23.910
24.539
23.565
23.963
24.337
25.012
24.193
23.223
24.850
24.348
24.100
23.941
25.038
24.610
23.800
23.414
24.585
23.729
24.831
23.596
24.226
25.099
25.124
24.063
24.542
25.913
25.153
24.177
23.976
24.313
24.684
25.283
24.228
24.562
24.643
24.743
23.641
24.306
24.896
26.030
24.152
24.154
25.359
24.390
25.479
24.729
24.085
25.068
26.762
25.431
23.897
24.836
24.492
23.885
23.484
24.387
23.988
25.219
24.505
24.293
25.725
23.819
24.334
24.251
25.054
24.631
24.667
23.670
25.668
24.207
25.321
24.495
24.159
24.124
25.279
24.278
24.121
25.909
24.243
24.931
24.800
23.996
24.398
24.194
24.560
23.669
25.601
24.810
24.642
23.699
24.502
24.762
24.668
24.779
24.620
25.840
25.742
24.033
24.290
24.002
25.378
25.218
25.282
24.544
25.060
25.510
24.585
23.892
24.585
25.826
24.594
24.256
24.113
24.685
24.671
24.344
24.366
24.136
24.216
24.162
23.514
24.478
24.562
23.921
23.795
24.969
24.662
23.880
23.188
24.405
24.482
24.004
23.774
24.310
24.576
25.352
25.008
25.124
25.249
25.528
23.817
24.126
24.754
24.087
24.594
24.364
24.404
24.884
25.479
23.574
24.685
25.675
25.121
26.401
23.769
24.271
25.081
25.167
24.073
24.015
24.080
23.787
23.535
24.025
24.410
24.744
23.597
24.016
24.550
24.265
24.070
23.719
23.916
25.151
23.727
24.247
24.282
23.954
24.476
23.711
24.703
24.654
23.778
23.925
24.336
23.709
24.558
23.258
25.331
25.177
24.227
23.802
24.743
24.916
24.147
23.920
23.892
25.169
24.471
23.625
23.427
25.101
24.974
24.445
23.670
24.251
24.188
24.707
23.847
24.778
24.252
24.211
24.012
24.345
24.609
24.675
23.878
24.254
24.067
24.205
23.658
23.941
23.928
25.031
23.616
23.730
24.530
24.558
23.702
23.367
23.922
24.875
24.469
23.291
25.928
24.841
24.602
23.406
24.856
24.442
23.878
23.424
25.379
25.220
24.623
23.742
23.580
24.277
25.911
25.335
23.966
25.051
25.086
25.591
23.852
23.761
25.101
25.039
23.928
24.057
24.914
24.410
24.702
23.709
24.013
25.365
25.258
24.579
24.127
24.160
24.460
23.446
23.522
23.822
25.352
24.542
24.403
23.891
25.723
24.336
23.622
24.190
24.701
25.860
23.688
24.605
24.051
24.184
25.324
24.074
23.895
23.931
24.165
23.537
24.847
24.504
24.564
23.480
24.911
24.347
23.717
23.827
24.980
24.832
23.847
23.851
24.574
24.732
23.872
23.187
24.149
24.487
24.420
24.336
24.130
23.881
25.769
25.220
23.992
25.670
24.390
24.124
23.245
25.462
24.626
24.275
25.589
24.568
25.194
25.732
24.608
23.866
24.470
23.947
25.454
23.169
24.812
24.531
24.517
23.889
24.108
24.737
23.761
24.000
25.250
24.466
24.116
24.279
24.059
24.177
24.249
24.900
23.932
26.116
24.343
25.441
24.657
24.264
24.796
24.290
23.523
24.152
23.859
24.113
23.422
24.019
24.419
24.862
23.552
23.666
24.137
25.613
24.185
24.341
24.294
25.491
23.907
24.322
23.803
25.075
24.849
24.622
24.853
25.074
24.908
23.927
23.611
24.289
25.340
26.679
23.653
23.964
24.004
24.291
23.895
23.698
24.857
26.297
23.412
23.944
24.797
24.224
24.176
23.665
24.732
24.703
24.203
23.344
24.131
24.047
24.243
23.322
24.510
24.955
24.044
23.275
25.517
23.825
25.021
23.331
24.777
23.795
23.963
24.039
24.189
24.341
24.958
24.164
23.623
24.578
24.791
23.882
23.687
24.002
24.267
23.633
24.234
25.458
24.530
24.349
24.255
24.130
24.011
24.185
24.113
24.042
23.824
24.521
23.903
24.165
24.763
24.640
24.661
24.251
23.830
24.380
24.097
24.073
25.389
24.132
24.432
23.725
24.723
24.513
24.443
23.364
24.598
24.882
23.974
24.167
23.959
24.460
23.754
24.220
23.933
24.734
23.954
23.836
24.929
24.315
25.844
24.995
24.081
25.036
24.811
24.430
23.762
26.018
25.260
24.744
24.354
23.449
24.239
24.633
23.552
24.342
23.923
23.975
24.971
23.684
23.691
23.901
24.817
24.136
24.650
24.814
23.815
23.961
24.307
24.205
24.118
24.596
23.999
25.240
24.097
24.065
24.840
25.082
24.062
25.161
23.961
24.309
25.106
23.814
23.519
24.366
24.752
25.160
24.331
24.400
24.739
25.680
23.844
25.308
24.545
25.124
24.721
23.214
23.894
23.840
24.349
23.199
24.217
23.835
24.617
23.347
24.199
23.963
24.988
24.170
24.399
24.377
24.135
23.237
23.635
24.223
25.915
25.053
23.764
24.697
23.910
24.058
23.356
23.807
24.556
24.794
23.375
24.829
24.234
24.684
23.877
24.966
25.234
24.593
24.223
24.065
25.200
25.172
24.699
24.424
25.572
25.797
24.842
23.503
23.672
23.915
24.326
23.958
23.695
25.022
24.327
23.666
23.913
24.846
25.049
23.877
23.285
24.916
23.906
23.457
23.459
24.293
24.210
23.443
23.840
23.779
25.011
24.145
23.833
24.882
23.804
23.754
24.181
23.845
24.474
25.836
24.541
25.663
24.119
24.711
23.713
23.972
25.253
24.534
23.796
24.911
24.308
23.878
23.543
23.897
23.907
25.123
24.593
25.006
27.002
24.598
24.206
23.519
24.587
25.043
24.915
24.513
23.705
24.441
23.756
24.359
23.622
25.111
24.381
24.047
23.925
24.693
24.997
24.853
24.980
24.214
23.973
24.389
23.713
23.338
24.733
24.728
23.842
24.474
24.082
24.703
23.790
24.058
24.603
23.892
24.509
23.881
25.639
24.125
25.086
23.743
24.559
24.694
24.414
24.383
23.601
24.280
24.354
23.687
24.982
25.985
24.957
23.788
23.622
24.176
25.912
24.325
23.499
24.152
23.799
24.243
23.979
23.874
24.019
24.324
24.407
24.117
25.056
24.086
23.798
24.163
24.434
24.002
24.738
24.773
24.643
24.003
25.717
24.207
23.646
24.668
24.835
24.260
24.640
25.147
23.877
23.856
24.355
24.784
25.802
25.332
24.517
24.385
25.205
24.085
24.045
24.542
24.187
24.573
23.912
23.509
23.903
24.008
24.096
24.143
24.722
24.444
24.521
23.541
24.531
24.863
24.089
24.165
25.830
24.618
25.237
23.820
24.699
25.467
24.996
24.127
23.808
24.246
25.013
24.369
23.519
24.215
23.948
24.983
23.444
24.002
25.705
24.702
24.303
23.551
24.569
24.262
23.543
24.192
23.940
24.930
23.606
23.345
24.640
25.284
24.820
23.405
25.375
24.572
24.543
24.259
24.071
24.275
25.375
23.759
23.743
25.027
23.948
24.981
24.127
23.722
23.791
24.561
23.962
24.313
23.911
23.482
23.771
24.155
25.188
24.424
23.574
24.112
23.863
23.801
24.454
24.732
24.731
25.579
24.178
24.159
24.637
24.853
24.685
24.266
24.130
24.517
23.963
24.493
25.193
24.553
24.034
24.029
23.717
24.061
23.789
23.454
23.784
24.366
24.552
23.816
25.256
24.500
24.095
23.887
24.937
24.029
24.722
23.899
24.040
24.162
23.827
23.846
23.598
23.928
24.597
23.465
24.225
24.207
23.899
25.209
24.085
23.925
24.421
24.370
24.130
24.492
24.079
23.721
23.725
25.522
24.498
24.417
23.691
24.421
24.726
23.995
23.682
23.996
24.089
25.038
24.109
24.798
23.825
24.944
25.816
24.146
24.875
24.681
24.748
23.849
25.046
25.531
25.309
24.214
24.295
24.340
23.808
23.602
23.847
24.793
24.438
23.781
24.191
25.983
24.400
24.658
23.975
24.259
25.945
25.385
23.898
23.814
23.876
25.372
24.746
23.406
24.938
24.269
24.073
23.657
25.449
24.805
24.926
23.287
23.866
25.361
23.871
23.869
24.176
24.546
24.735
23.386
23.873
24.613
24.492
25.143
23.904
25.402
25.186
24.785
24.510
23.944
24.287
23.869
23.342
23.994
24.504
24.174
23.696
23.867
25.113
24.825
24.848
23.521
25.595
24.529
24.534
23.256
24.179
25.187
24.232
24.097
25.399
25.991
24.241
25.791
23.958
25.464
24.409
24.614
24.559
23.591
24.575
24.606
24.104
23.596
24.213
23.744
25.808
23.551
24.484
24.417
23.672
23.588
24.294
25.315
24.554
23.755
24.629
23.820
24.621
24.320
26.085
24.830
25.254
24.766
24.865
24.623
25.047
24.526
24.906
24.208
25.934
24.220
24.286
23.887
24.449
24.865
24.816
23.684
25.730
24.048
25.175
23.651
24.571
26.557
23.955
24.221
24.188
24.637
25.033
25.558
23.473
24.565
25.478
24.881
23.867
24.334
25.624
25.170
24.023
24.507
24.841
25.483
25.869
24.514
24.228
25.087
24.077
24.788
23.650
24.077
24.649
24.511
24.233
24.054
23.889
24.143
23.676
24.740
25.790
25.143
24.276
23.530
24.520
24.013
23.785
24.280
24.783
24.903
25.096
24.387
24.015
25.631
25.644
23.658
24.318
25.065
24.557
24.033
24.110
24.510
24.048
23.812
24.134
24.881
25.530
24.685
23.994
24.474
24.765
24.347
24.601
23.789
25.115
23.929
24.494
23.546
24.675
24.339
24.268
23.538
24.277
24.731
23.681
23.549
24.416
25.012
23.831
23.795
24.781
25.035
25.426
24.174
24.004
24.115
24.647
23.712
23.780
24.198
23.785
23.790
23.557
24.860
25.939
23.446
23.543
24.142
23.929
24.397
23.526
24.232
24.454
23.919
24.295
26.045
25.251
23.805
23.468
24.770
25.175
24.294
25.334
24.293
24.870
24.835
24.374
24.795
24.311
25.450
24.251
23.247
24.062
24.749
25.026
23.487
24.580
24.120
24.634
25.568
23.240
24.900
24.536
24.637
23.711
24.557
24.155
24.367
24.067
23.883
24.470
24.188
23.548
24.169
25.126
24.013
23.844
24.466
24.843
23.795
24.652
24.382
23.896
23.856
24.055
24.468
25.060
24.683
24.858
23.951
23.748
24.769
24.290
23.563
24.702
24.072
24.197
23.796
24.429
24.651
24.370
24.250
24.667
23.831
25.426
23.895
24.123
24.466
23.976
24.040
23.243
23.826
24.212
23.813
23.868
24.154
24.780
23.665
23.828
24.647
23.836
23.829
23.899
24.584
24.750
23.773
23.221
24.344
23.847
23.400
23.373
23.904
23.799
23.489
24.585
24.337
24.166
24.328
23.504
24.420
23.778
24.383
23.646
23.994
23.856
25.375
23.380
24.225
24.756
23.765
23.669
24.669
25.168
24.637
23.175
25.530
25.287
24.672
23.570
24.401
26.440
24.591
23.602
23.305
24.377
24.393
24.386
24.300
23.741
25.199
24.435
24.298
24.330
24.681
24.348
23.945
23.825
24.452
24.028
23.390
23.539
24.156
23.806
25.119
24.400
23.972
24.588
24.809
23.957
24.948
24.643
23.783
23.958
25.606
24.924
25.247
24.081
24.053
25.326
24.442
25.585
24.196
24.447
24.770
24.424
24.090
24.218
24.126
25.773
24.401
23.967
24.089
25.566
23.953
24.113
24.352
23.872
23.943
23.658
23.982
25.618
24.507
23.997
24.888
25.182
23.849
24.287
24.036
24.082
23.928
23.573
24.181
24.166
25.060
24.369
24.094
24.530
25.467
25.416
23.953
24.191
24.110
24.433
23.591
23.841
23.879
24.559
23.596
24.918
24.732
25.598
23.884
24.533
24.918
24.792
24.361
24.089
25.208
24.123
24.889
23.716
24.029
24.526
23.843
24.263
23.782
24.448
24.541
23.436
24.291
24.300
25.186
24.448
23.780
24.835
23.996
24.904
24.256
24.125
23.864
24.422
23.287
24.260
25.161
24.164
23.412
25.534
24.163
23.952
23.583
23.889
24.508
24.014
25.177
23.922
24.421
25.079
23.817
23.602
25.226
24.798
24.491
24.181
25.561
25.579
25.004
24.320
24.291
24.767
24.020
23.492
24.598
24.655
24.730
24.228
23.875
24.322
23.953
26.111
23.469
24.446
24.724
23.854
23.814
24.342
23.866
23.822
23.670
25.543
24.597
24.754
23.617
24.575
25.547
24.378
23.933
24.448
24.835
24.870
25.443
24.241
23.917
24.079
24.745
24.367
25.006
23.897
23.878
23.571
25.147
24.914
24.073
23.628
23.916
24.603
24.332
24.124
23.845
24.467
24.756
25.555
24.544
23.885
24.395
24.112
24.024
24.253
24.836
26.131
23.918
23.464
24.735
24.429
24.622
23.681
24.158
24.521
24.832
23.953
24.323
24.054
23.884
23.451
24.156
24.531
24.457
24.186
23.602
24.338
24.179
23.969
24.366
24.060
24.055
24.570
23.998
25.574
24.614
25.496
23.874
24.917
24.299
23.963
23.289
23.800
23.790
23.713
23.734
24.619
24.764
24.015
24.062
23.550
23.903
23.844
23.617
23.734
24.481
24.109
23.936
24.908
25.041
24.121
24.491
24.658
24.974
25.627
24.987
25.020
24.006
25.972
24.492
23.721
24.315
23.784
24.727
23.802
24.232
24.042
23.849
23.823
23.603
24.928
24.851
24.284
23.634
24.021
23.920
24.331
23.918
25.031
25.709
23.902
23.750
25.084
24.080
24.218
23.230
23.751
23.803
24.618
23.490
23.960
23.754
23.863
24.962
24.168
25.156
24.888
24.774
24.362
24.682
25.255
24.848
23.843
24.442
24.086
24.022
23.199
24.585
25.412
24.587
24.027
24.113
24.230
23.832
24.571
24.315
24.716
24.832
24.240
24.271
24.937
23.873
25.352
23.298
24.641
24.526
24.917
24.004
23.820
24.691
24.919
24.538
24.342
24.739
26.343
24.005
23.550
23.872
24.386
24.145
24.058
23.780
24.615
23.881
23.948
24.254
24.810
24.838
24.440
24.125
24.514
23.959
24.973
24.313
24.291
25.051
24.216
24.194
24.679
24.334
23.835
24.265
24.709
25.155
25.231
23.638
23.790
24.886
24.272
24.388
24.444
25.193
24.381
25.006
23.800
23.814
25.181
23.869
23.405
24.103
23.989
24.043
23.533
23.848
25.027
24.993
23.931
24.296
25.709
25.648
24.870
24.516
24.617
24.559
24.831
23.754
24.438
24.820
25.528
25.675
24.156
24.637
24.736
24.640
24.049
24.454
24.406
24.647
23.442
23.736
24.341
24.481
23.471
24.736
25.705
24.893
24.238
24.421
24.304
24.822
24.404
24.562
23.738
25.576
24.992
23.508
24.948
24.353
24.322
24.980
25.270
24.544
23.965
25.102
24.361
24.469
24.932
24.541
23.427
24.088
24.889
24.360
23.517
23.725
25.261
24.541
23.854
23.604
24.796
24.991
25.066
23.512
23.980
23.919
25.038
23.703
24.858
25.261
23.798
24.228
24.615
25.925
24.003
23.665
25.024
24.357
25.030
23.742
23.622
24.528
23.974
23.855
24.699
24.364
24.770
24.452
23.671
24.474
24.767
25.063
23.818
24.692
26.426
24.161
24.805
23.775
24.935
24.244
25.956
23.645
25.089
25.026
26.108
24.670
24.767
25.097
24.103
24.830
23.690
25.425
24.399
24.964
25.008
23.998
23.931
25.313
24.750
23.942
24.636
25.131
24.340
24.361
24.737
25.313
24.016
23.696
24.799
26.832
24.858
24.966
23.767
24.294
25.861
24.154
24.006
24.403
25.630
24.561
24.513
23.424
24.616
24.502
24.528
25.346
24.229
23.961
24.359
23.498
24.072
23.973
24.735
23.737
24.466
23.928
24.408
23.551
24.089
25.354
25.441
23.816
24.222
23.950
25.646
23.825
23.871
24.212
23.961
23.698
23.772
23.802
23.935
24.924
24.174
24.518
24.470
23.843
23.538
24.326
24.501
24.154
23.699
24.374
24.240
24.612
23.865
23.968
25.935
24.714
24.623
23.567
24.341
25.361
24.553
24.498
24.542
24.448
23.931
23.302
24.333
24.697
25.011
24.252
24.821
24.738
24.253
23.530
23.536
23.954
24.551
23.558
23.771
24.442
24.499
24.232
24.106
25.034
24.060
26.101
23.751
24.975
23.904
24.173
23.931
24.791
25.531
24.622
23.680
24.102
24.397
23.983
24.449
24.222
25.600
24.721
24.349
23.641
24.148
24.412
24.471
24.108
24.328
24.036
24.608
24.252
24.457
24.874
24.062
24.413
23.760
24.087
25.023
23.597
23.704
23.915
23.937
23.546
24.040
26.847
24.050
23.948
24.222
24.540
25.120
25.218
23.787
23.794
24.566
25.362
23.445
24.133
23.900
24.034
23.494
24.598
24.835
23.920
23.591
24.040
23.920
24.544
23.605
24.620
24.657
24.080
23.864
23.883
26.083
24.029
23.765
24.133
24.789
24.987
23.888
23.726
24.270
24.847
25.324
23.600
24.111
24.000
24.470
24.099
24.456
25.134
24.832
24.524
23.747
24.139
24.208
23.974
24.155
24.546
26.127
26.110
24.200
24.682
24.687
24.854
24.429
23.818
27.008
24.182
24.732
23.917
24.697
25.228
24.657
23.727
23.885
25.523
24.907
24.266
24.344
23.925
24.021
24.526
25.103
24.422
24.241
24.871
24.141
24.719
24.861
25.432
24.314
23.444
23.808
25.400
23.920
23.692
24.327
24.053
24.056
24.082
24.049
24.182
24.194
24.499
24.885
24.261
24.879
24.610
23.499
25.907
24.724
24.437
24.533
24.189
24.938
24.970
23.663
24.165
25.719
24.659
24.621
23.992
24.331
24.617
24.045
24.343
25.089
24.733
25.539
24.534
24.282
25.102
25.485
23.863
23.524
25.154
24.968
24.467
24.528
25.032
24.727
24.251
24.404
23.722
25.070
24.211
25.139
24.304
25.164
25.879
24.973
23.473
24.108
24.417
24.774
23.744
25.163
24.556
25.454
25.008
24.631
23.937
24.719
25.141
24.075
24.524
25.782
24.414
24.006
23.883
24.203
24.640
24.614
23.707
23.947
23.997
24.679
23.799
24.266
25.715
24.963
23.839
23.673
24.570
24.537
25.213
23.897
23.983
27.275
24.671
24.410
24.495
25.085
25.011
23.884
23.822
24.876
24.617
24.324
23.460
24.598
24.517
24.505
24.363
24.697
25.128
24.696
23.391
24.995
24.958
24.917
24.077
23.744
24.235
25.017
24.295
24.939
24.584
24.738
25.583
23.915
23.637
24.785
23.974
24.322
23.636
24.361
24.147
23.974
24.346
26.231
25.613
25.044
24.169
24.951
24.727
26.018
24.288
24.286
24.425
24.841
24.913
23.838
24.021
24.022
24.776
24.456
24.006
24.664
24.108
23.616
24.513
24.685
24.741
24.246
23.869
24.965
24.213
24.111
24.335
25.757
25.275
25.616
23.750
24.221
26.017
24.947
24.611
23.366
24.522
24.119
24.280
24.894
23.868
23.888
24.801
24.314
23.673
24.531
24.889
23.750
25.496
24.010
25.778
24.511
23.539
24.541
24.089
23.983
23.810
24.243
24.258
24.471
23.903
24.381
23.893
23.854
24.347
23.805
24.340
24.117
23.762
25.068
24.661
24.365
23.639
23.569
23.964
25.570
23.582
23.938
24.096
25.493
24.417
24.013
24.622
24.839
23.916
23.801
23.726
25.530
24.560
23.524
24.857
24.184
25.305
24.443
23.825
24.184
24.196
24.807
23.906
24.616
24.182
24.391
24.290
23.833
24.485
24.661
24.043
25.064
24.036
25.499
23.580
24.023
24.883
25.374
26.228
23.997
24.416
24.766
24.705
23.433
25.166
23.889
24.870
23.593
24.739
24.201
24.749
24.034
23.561
24.428
24.909
24.061
24.903
24.775
23.974
23.986
24.112
24.291
24.274
24.726
23.645
24.054
24.573
24.588
24.488
23.746
24.256
23.918
24.230
24.459
24.067
25.783
24.392
24.271
25.923
25.523
25.747
23.740
23.878
24.608
24.639
24.521
24.180
24.798
24.608
23.960
23.780
23.753
24.725
23.718
23.431
24.178
24.239
24.893
24.228
23.683
24.987
24.025
23.782
24.227
24.021
24.562
23.967
23.799
24.127
24.507
23.979
24.222
25.247
24.021
23.970
24.364
24.008
23.966
24.308
23.465
24.440
24.013
23.981
