1.543
1.753
1.595
1.565
1.389
1.358
1.501
1.749
1.412
1.628
1.455
1.493
1.389
1.282
1.791
1.445
1.413
1.266
1.628
1.414
1.428
1.472
1.387
1.499
1.327
1.421
1.258
1.534
1.941
1.509
1.239
1.338
1.551
1.268
1.515
1.453
1.489
1.609
1.572
1.247
1.434
1.288
1.286
1.330
1.463
1.556
1.256
1.747
1.453
1.459
1.342
1.324
1.355
1.240
1.520
1.390
1.366
1.405
1.404
1.286
1.392
1.442
1.593
1.471
1.516
1.375
1.423
1.408
1.274
1.515
1.236
1.253
1.682
1.254
1.407
1.284
1.530
1.504
1.251
1.244
1.387
1.267
1.418
1.622
1.512
1.243
1.341
1.245
1.278
1.461
1.412
1.503
1.298
1.386
1.503
1.449
1.292
1.512
1.414
1.236
1.248
1.544
1.466
1.552
1.416
1.343
1.444
1.394
1.246
1.265
1.275
1.477
1.428
1.404
1.236
1.218
1.257
1.739
1.348
1.250
1.348
1.232
1.455
1.317
1.595
1.408
1.322
1.395
1.260
1.205
1.275
1.593
1.715
1.245
1.223
1.380
1.220
1.533
1.280
1.680
1.363
1.234
1.212
1.255
1.250
1.521
1.540
1.425
1.354
1.246
1.245
1.351
1.724
1.465
1.345
1.324
1.203
1.222
1.253
1.309
1.420
1.462
1.429
1.429
1.413
1.359
1.538
1.603
1.404
1.235
1.337
1.329
1.346
1.475
1.788
1.506
1.488
1.387
1.337
1.576
1.648
1.430
1.420
1.225
1.244
1.224
1.503
1.624
1.470
1.389
1.413
1.232
1.354
1.263
1.555
1.377
1.426
1.237
1.242
1.459
1.377
1.324
1.311
1.428
1.235
1.224
1.429
1.483
1.426
1.443
1.431
1.389
1.393
1.251
1.263
1.586
1.429
1.460
1.433
1.234
1.306
1.504
1.483
1.340
1.235
1.232
1.424
1.460
1.257
1.430
1.517
1.242
1.484
1.317
1.362
1.330
1.439
1.655
1.246
1.350
1.214
1.407
1.266
1.398
1.480
1.359
1.283
1.248
1.260
1.253
1.505
1.434
1.254
1.409
1.249
1.279
1.407
1.536
1.380
1.257
1.427
1.231
1.617
1.255
1.530
1.500
1.232
1.434
1.237
1.349
1.422
1.380
1.394
1.524
1.509
1.432
1.519
1.252
1.589
1.355
1.236
1.377
1.227
1.437
1.476
1.479
1.446
1.339
1.234
1.235
1.259
1.450
1.775
1.343
1.240
1.237
1.238
1.262
1.601
1.536
1.474
1.239
1.247
1.239
1.245
1.248
1.542
1.436
1.249
1.388
1.242
1.399
1.268
1.269
1.529
1.407
1.239
1.231
1.480
1.453
1.687
1.482
1.232
1.237
1.377
1.252
1.251
1.264
1.277
1.360
1.319
1.233
1.449
1.329
1.673
1.454
1.269
1.253
1.253
1.263
1.402
1.318
1.286
1.332
1.511
1.529
1.363
1.375
1.271
1.500
1.470
1.248
1.254
1.261
1.269
1.297
1.480
1.560
1.243
1.251
1.257
1.292
1.348
1.466
1.425
1.241
1.347
1.493
1.283
1.278
1.394
1.650
1.261
1.259
1.252
1.464
1.392
1.495
1.517
1.510
1.486
1.270
1.417
1.293
1.779
1.257
1.251
1.247
1.257
1.262
1.472
1.449
1.466
1.246
1.245
1.437
1.539
1.478
1.411
1.411
1.241
1.498
1.245
1.242
1.267
1.433
1.443
1.255
1.251
1.438
1.484
1.378
1.387
1.270
1.358
1.312
1.256
1.431
1.292
1.285
1.353
1.242
1.394
1.414
1.272
1.267
1.646
1.638
1.458
1.249
1.429
1.259
1.425
2.121
1.240
1.441
1.247
1.432
1.431
1.285
1.500
1.427
1.251
1.291
1.439
1.279
1.306
1.293
1.472
1.208
1.396
1.289
1.608
1.693
1.806
1.243
1.516
1.451
1.425
1.363
1.443
1.338
1.204
1.221
1.202
1.480
1.369
1.575
1.530
1.416
1.235
1.218
1.390
1.277
1.413
1.352
1.499
1.235
1.495
1.249
1.251
1.359
1.568
1.269
1.377
1.311
1.448
1.448
1.440
1.540
1.225
1.247
1.231
1.529
1.262
1.393
1.411
1.324
1.237
1.219
1.416
1.416
1.338
1.396
1.468
1.209
1.268
1.481
1.374
1.277
1.514
1.383
1.244
1.445
1.261
1.414
1.271
1.397
1.342
1.577
1.253
1.290
1.369
1.463
1.301
1.446
1.251
1.234
1.256
1.249
1.289
1.489
1.402
1.219
1.221
1.255
1.369
1.357
1.541
1.497
1.255
1.252
1.522
1.586
1.452
1.290
1.257
1.231
1.417
1.333
1.283
1.498
1.550
1.425
1.578
1.328
1.260
1.249
1.439
1.516
1.405
1.232
1.230
1.230
1.504
1.296
1.522
1.572
1.217
1.208
1.385
1.318
1.268
1.412
1.493
1.333
1.224
1.244
1.394
1.576
1.379
1.449
1.467
1.364
1.222
1.296
1.259
1.488
1.573
1.392
1.378
1.223
1.240
1.710
1.563
1.455
1.204
1.221
1.384
1.263
1.407
1.404
1.525
1.255
1.490
1.261
1.497
1.415
1.615
1.324
1.257
1.400
1.267
1.390
1.455
1.290
1.459
1.401
1.250
1.264
1.255
1.530
1.709
1.261
1.318
1.391
1.274
1.312
1.404
1.501
1.389
1.234
1.498
1.249
1.505
1.491
1.566
1.366
1.233
1.231
1.256
1.387
1.455
1.717
1.268
1.247
1.416
1.252
1.246
1.761
1.335
1.256
1.498
1.248
1.364
1.460
1.540
1.523
1.403
1.563
1.376
1.266
1.260
1.281
1.584
1.488
1.535
1.480
1.532
1.361
1.290
1.461
1.238
1.229
1.231
1.408
1.247
1.336
1.365
1.470
1.244
1.236
1.278
1.255
1.363
1.537
1.289
1.226
1.228
1.418
1.398
1.597
1.573
1.478
1.441
1.233
1.656
1.245
1.414
1.461
1.514
1.359
1.472
1.504
1.255
1.584
1.324
1.222
1.219
1.341
1.410
1.298
1.477
1.413
1.372
1.203
1.214
1.261
1.788
1.456
1.571
1.378
1.266
1.219
1.254
1.477
1.723
1.638
1.216
1.207
1.329
1.262
1.445
1.686
1.428
1.335
1.475
1.421
1.258
1.518
1.413
1.464
1.212
1.325
1.342
1.450
1.400
1.512
1.537
1.230
1.233
1.524
1.343
1.459
1.283
1.261
1.226
1.486
1.479
1.455
1.280
1.401
1.476
1.328
1.242
1.486
1.249
1.273
1.631
1.595
1.389
1.544
1.251
1.382
1.439
1.919
1.217
1.408
1.228
1.264
1.252
1.434
1.508
1.253
1.214
1.425
1.245
1.263
1.275
1.484
1.306
1.474
1.251
1.391
1.372
1.476
1.515
1.332
1.516
1.418
1.657
1.342
1.277
1.278
1.372
1.206
1.363
1.222
1.518
1.264
1.384
1.249
1.222
1.210
1.228
1.252
1.246
1.411
1.533
1.346
1.510
1.228
1.405
1.346
1.815
1.363
1.244
1.237
1.232
1.266
1.547
1.440
1.297
1.388
1.349
1.213
1.246
1.474
1.258
1.753
1.340
1.223
1.346
1.517
1.417
1.561
1.351
1.420
1.334
1.372
1.467
1.394
1.422
1.378
1.295
1.319
1.364
1.253
1.700
1.307
1.356
1.399
1.459
1.239
1.259
1.440
1.553
1.452
1.227
1.383
1.242
1.280
1.412
1.406
1.528
1.255
1.435
1.236
1.267
1.447
1.422
1.327
1.226
1.402
1.276
1.519
1.321
1.565
1.312
1.329
1.232
1.514
1.260
1.500
1.398
1.344
1.366
1.258
1.376
1.401
1.404
1.431
1.586
1.479
1.258
1.250
1.273
1.259
1.634
1.470
1.333
1.384
1.387
1.266
1.259
1.282
1.530
1.414
1.453
1.340
1.362
1.501
1.434
1.380
1.459
1.229
1.230
1.261
1.380
1.517
1.533
1.258
1.236
1.408
1.421
1.244
1.454
1.563
1.403
1.312
1.373
1.451
1.250
1.761
1.319
1.449
1.479
1.249
1.261
1.513
1.621
1.432
1.472
1.250
1.390
1.505
1.300
1.608
1.483
1.258
1.248
1.443
1.328
1.429
1.562
1.484
1.250
1.255
1.406
1.450
1.610
1.535
1.338
1.335
1.348
1.506
1.351
1.562
1.658
1.254
1.242
1.243
1.535
1.515
1.446
1.419
1.237
1.234
1.241
1.612
1.247
1.291
1.313
1.215
1.346
1.308
1.427
1.412
1.449
1.524
1.284
1.225
1.239
1.643
1.329
1.273
1.513
1.428
1.236
1.237
1.235
1.442
1.557
1.372
1.332
1.241
1.374
1.398
1.550
1.518
1.562
1.502
1.320
1.417
1.450
1.488
1.652
1.459
1.449
1.219
1.239
1.264
1.379
1.539
1.361
1.495
1.435
1.259
1.417
1.670
1.525
1.497
1.246
1.245
1.394
1.438
1.268
1.343
1.393
1.426
1.260
1.346
1.264
1.339
1.525
1.387
1.255
1.406
1.254
1.421
1.268
1.373
1.293
1.489
1.486
1.243
1.489
1.252
1.522
1.516
1.448
1.435
1.241
1.257
1.404
1.340
1.494
1.235
1.227
1.240
1.451
1.249
1.463
1.374
1.254
1.421
1.312
1.412
1.423
1.695
1.461
1.466
1.267
1.511
1.448
1.395
1.604
1.438
1.407
1.383
1.277
1.438
1.461
1.315
1.449
1.302
1.359
1.242
1.351
1.412
1.778
1.416
1.322
1.211
1.236
1.346
1.428
1.500
1.453
1.220
1.232
1.305
1.339
1.382
1.646
1.362
1.230
1.233
1.427
1.427
1.537
1.470
1.491
1.249
1.234
1.356
1.423
1.534
1.575
1.362
1.229
1.230
1.255
1.254
1.493
1.351
1.251
1.339
1.230
1.407
1.452
1.367
1.526
1.538
1.252
1.260
1.256
1.472
1.316
1.754
1.363
1.507
1.247
1.517
1.884
1.569
1.599
1.354
1.242
1.319
1.438
1.842
1.584
1.354
1.250
1.258
1.422
1.502
1.285
1.528
1.341
1.249
1.247
1.506
1.420
1.458
1.730
1.489
1.256
1.436
1.265
1.261
1.504
1.441
1.407
1.282
1.500
1.271
1.437
1.528
1.664
1.480
1.454
1.415
1.385
1.347
1.281
1.364
1.254
1.389
1.255
1.277
1.520
1.673
1.357
1.498
1.314
1.364
1.464
1.374
1.401
1.571
1.352
1.406
1.259
1.464
1.460
1.397
1.361
1.523
1.413
1.254
1.256
1.416
1.393
1.480
1.249
1.249
1.267
1.456
1.805
1.748
1.500
1.427
1.366
1.380
1.451
1.586
1.532
1.209
1.351
1.221
1.291
1.543
1.425
1.265
1.423
1.235
1.241
1.265
1.517
1.417
1.322
1.365
1.243
1.242
1.264
1.350
1.509
1.468
1.360
1.254
1.259
1.265
1.384
1.300
1.802
1.324
1.426
1.260
1.271
1.510
1.421
1.408
1.421
1.385
1.247
1.286
1.412
1.346
1.457
1.422
1.250
1.381
1.460
1.289
1.294
1.513
1.507
1.398
1.246
1.403
1.681
1.428
1.323
1.257
1.258
1.396
1.384
1.454
1.460
1.446
1.500
1.409
1.258
1.439
1.414
1.416
1.383
1.401
1.252
1.249
1.456
1.752
1.370
1.484
1.246
1.426
1.398
1.346
1.473
1.284
1.485
1.254
1.405
1.260
1.381
1.503
1.433
1.298
1.507
1.426
1.405
1.375
1.519
1.280
1.253
1.488
1.244
1.280
1.351
1.547
1.384
1.255
1.253
1.327
1.241
1.495
1.284
1.487
1.274
1.518
1.393
1.424
1.439
1.336
1.426
1.378
1.402
1.250
1.252
1.508
1.755
1.289
1.262
1.246
1.257
1.406
1.260
1.652
1.586
1.245
1.266
1.242
1.275
1.536
1.300
1.424
1.262
1.264
1.384
1.498
1.262
1.291
1.533
1.470
1.256
1.403
1.268
1.445
1.293
1.276
1.405
1.246
1.252
1.255
1.425
1.383
1.278
1.552
1.276
1.256
1.381
1.335
1.576
1.440
1.491
1.251
1.426
1.251
1.254
1.276
1.331
1.429
1.400
1.323
1.286
1.266
1.493
1.469
1.273
1.267
1.250
1.249
1.545
1.268
1.551
1.457
1.242
1.242
1.242
1.276
1.465
1.554
1.408
1.365
1.416
1.487
1.369
1.408
1.336
1.608
1.267
1.371
1.415
1.486
1.283
1.536
1.596
1.247
1.242
1.438
1.423
1.542
1.630
1.441
1.432
1.233
1.250
1.384
1.379
1.498
1.383
1.405
1.237
1.440
1.345
1.310
1.420
1.360
1.516
1.238
1.247
1.259
1.640
1.432
1.349
1.364
1.436
1.246
1.517
1.364
1.595
1.567
1.710
1.245
1.440
1.537
1.780
1.514
1.280
1.232
1.244
1.386
1.544
1.576
1.420
1.228
1.229
1.247
1.262
1.289
1.381
1.381
1.545
1.433
1.252
1.347
1.434
1.584
1.465
1.392
1.272
1.252
1.289
1.418
1.430
1.434
1.257
1.393
1.262
1.380
1.519
1.389
1.287
1.248
1.246
1.272
1.268
1.428
1.359
1.289
1.282
1.431
1.250
1.630
1.338
1.558
1.271
1.394
1.247
1.389
1.253
1.262
1.295
1.726
1.374
1.387
1.269
1.404
1.258
1.562
1.494
1.253
1.256
1.252
1.256
1.280
1.480
1.541
1.351
1.250
1.438
1.265
1.275
1.590
1.640
1.416
1.373
1.336
1.269
1.479
1.512
1.611
1.247
1.366
1.240
1.394
1.327
1.621
1.450
1.502
1.254
1.244
1.276
1.268
1.440
1.501
1.380
1.346
1.408
1.510
1.615
1.529
1.300
1.242
1.224
1.245
1.257
1.475
1.352
1.523
1.428
1.433
1.256
1.473
1.286
1.305
1.479
1.237
1.502
1.462
1.327
1.420
1.536
1.563
1.234
1.227
1.324
1.442
1.332
1.297
1.309
1.249
1.401
1.261
1.570
1.364
1.553
1.522
1.381
1.444
1.223
1.254
1.257
1.758
1.442
1.240
1.238
1.234
1.263
1.628
1.327
1.302
1.340
1.410
1.249
1.510
1.275
1.594
1.488
1.358
1.382
1.241
1.432
1.415
1.327
1.524
1.412
1.423
1.314
1.382
1.258
1.512
1.333
1.454
1.234
1.231
1.260
1.406
1.270
1.662
1.438
1.244
1.247
1.262
1.528
1.391
1.298
1.391
1.433
1.233
1.257
1.435
1.409
1.425
1.517
1.415
1.402
1.481
1.415
1.282
1.574
1.239
1.386
1.420
1.253
1.252
1.706
1.381
1.449
1.317
1.377
1.265
1.250
1.265
1.413
1.224
1.239
1.235
1.530
1.252
1.508
1.273
1.411
1.432
1.240
1.468
1.455
1.723
1.633
1.236
1.247
1.246
1.301
1.460
1.708
1.291
1.394
1.416
1.361
1.518
1.261
1.452
1.450
1.223
1.491
1.234
1.260
1.259
1.660
1.463
1.464
1.231
1.227
1.387
1.261
1.268
1.509
1.232
1.227
1.353
1.309
1.424
1.462
1.278
1.405
1.272
1.228
1.332
1.372
1.288
1.595
1.420
1.416
1.375
1.454
1.475
1.579
1.270
1.442
1.238
1.235
1.493
1.567
1.337
1.661
1.421
1.500
1.233
1.268
1.368
1.519
1.604
1.425
1.456
1.407
1.447
1.377
1.307
1.499
1.243
1.243
1.234
1.254
1.404
1.467
1.306
1.432
1.298
1.328
1.613
1.412
1.422
1.361
1.499
1.243
1.246
1.256
1.468
1.383
1.458
1.229
1.234
1.242
1.251
1.267
1.335
1.266
1.254
1.507
1.230
1.270
1.458
1.466
1.447
1.435
1.430
1.510
1.250
1.397
1.376
1.553
1.465
1.459
1.231
1.247
1.444
1.691
1.594
1.240
1.237
1.232
1.454
1.440
1.505
1.651
1.479
1.325
1.230
1.258
1.489
1.636
1.516
1.406
1.388
1.253
1.447
1.407
1.660
1.455
1.252
1.366
1.434
1.449
1.456
1.566
1.457
1.247
1.515
1.531
1.481
1.504
1.316
1.350
1.511
1.241
1.267
1.262
1.410
1.470
1.338
1.385
1.316
1.399
1.412
1.412
1.354
1.355
1.246
1.246
1.236
1.271
1.259
1.283
1.425
1.222
1.364
1.706
1.448
1.271
1.452
1.589
1.248
1.397
1.255
1.469
1.453
1.554
1.317
1.249
1.259
1.507
1.465
1.436
1.436
1.441
1.252
1.264
1.265
1.496
1.577
1.410
1.418
1.498
1.404
1.427
1.466
1.583
1.356
1.501
1.247
1.246
1.422
1.688
1.488
1.413
1.524
1.249
1.248
1.494
1.467
1.370
1.609
1.387
1.516
1.258
1.480
1.417
1.438
1.423
1.247
1.255
1.525
1.527
1.413
1.505
1.309
1.418
1.451
1.334
1.485
1.674
1.460
1.316
1.504
1.490
1.280
1.522
1.571
1.447
1.245
1.334
1.248
1.277
1.549
1.309
1.464
1.425
1.417
1.316
1.502
1.395
1.520
1.254
1.499
1.270
1.663
1.325
1.275
1.541
1.335
1.339
1.253
1.350
1.264
1.618
1.463
1.490
1.241
1.240
1.237
1.265
1.264
1.453
1.379
1.519
1.240
1.372
1.463
1.466
1.426
1.421
1.247
1.248
1.254
1.276
1.451
1.439
1.286
1.466
1.319
1.405
1.432
1.856
1.544
1.335
1.436
1.337
1.262
1.492
1.307
1.343
1.471
1.253
1.250
1.403
1.377
1.273
1.382
1.274
1.423
1.483
1.414
1.415
1.357
1.270
1.566
1.434
1.246
1.242
1.530
1.412
1.526
1.376
1.243
1.320
1.243
1.346
1.400
1.279
1.383
1.309
1.412
1.486
1.286
1.431
1.436
1.619
1.202
1.216
1.201
1.258
1.290
1.593
1.416
1.461
1.236
1.238
1.425
1.651
1.289
1.436
1.245
1.247
1.230
1.279
1.272
1.377
1.294
1.411
1.234
1.234
1.263
1.334
1.568
1.323
1.384
1.223
1.313
1.345
1.374
1.285
1.420
1.520
1.423
1.383
1.236
1.267
1.551
1.406
1.411
1.348
1.406
1.256
1.739
1.452
1.722
1.474
1.231
1.242
1.435
1.368
1.495
1.632
1.245
1.382
1.236
1.535
1.476
1.663
1.533
1.243
1.208
1.225
1.271
1.363
1.369
1.278
1.397
1.456
1.424
1.272
1.523
1.266
1.640
1.497
1.234
1.249
1.311
1.382
1.403
1.328
1.379
1.227
1.410
1.369
1.355
1.535
1.528
1.220
1.226
1.230
1.292
1.416
1.402
1.644
1.212
1.253
1.221
1.267
1.275
1.273
1.450
1.340
1.455
1.233
1.448
1.354
1.351
1.522
1.258
1.389
1.269
1.264
1.405
1.519
1.622
1.525
1.257
1.461
1.277
1.549
1.410
1.272
1.256
1.248
1.258
1.269
1.279
1.332
1.476
1.437
1.400
1.247
1.263
1.511
1.489
1.649
1.406
1.250
1.240
1.265
1.504
1.373
1.287
1.378
1.242
1.249
1.284
1.592
1.673
1.266
1.522
1.238
1.227
1.394
1.447
1.545
1.587
1.420
1.313
1.245
1.502
1.372
1.390
1.345
1.246
1.237
1.240
1.255
1.466
1.400
1.626
1.238
1.231
1.251
1.443
1.456
1.443
1.275
1.231
1.240
1.234
1.398
1.471
1.437
1.532
1.460
1.348
1.421
1.409
1.465
1.330
1.506
1.300
1.254
1.372
1.267
1.397
1.453
1.423
1.362
1.475
1.248
1.482
1.502
1.302
1.614
1.249
1.248
1.254
1.269
1.403
1.630
1.279
1.264
1.551
1.351
1.269
1.402
1.384
1.275
1.252
1.387
1.244
1.275
1.625
1.309
1.647
1.240
1.240
1.251
1.381
1.496
1.388
1.362
1.244
1.252
1.250
1.506
1.272
1.446
1.528
1.249
1.404
1.250
1.584
1.384
1.424
1.570
1.264
1.250
1.254
1.270
1.428
1.494
1.279
1.386
1.243
1.249
1.533
1.510
1.499
1.489
1.484
1.438
1.462
1.718
1.375
1.291
1.280
1.424
1.240
1.251
1.283
1.451
1.636
1.378
1.264
1.258
1.299
1.515
1.293
1.288
1.345
1.253
1.233
1.249
1.627
1.438
1.396
1.472
1.323
1.251
1.387
1.459
1.460
1.366
1.605
1.377
1.368
1.392
1.613
1.520
1.467
1.357
1.338
1.341
1.300
1.362
1.443
1.445
1.380
1.253
1.225
1.320
1.530
1.473
1.472
1.251
1.444
1.212
1.368
1.433
1.439
1.514
1.418
1.228
1.229
1.239
1.471
1.284
1.284
1.452
1.235
1.436
1.420
1.410
1.374
1.564
1.341
1.231
1.227
1.234
1.372
1.274
1.335
1.475
1.398
1.270
1.430
1.536
1.436
1.401
1.547
1.220
1.228
1.242
1.494
1.415
1.323
1.339
1.390
1.498
1.482
1.556
1.251
1.543
1.421
1.238
1.230
1.235
1.391
1.251
1.441
1.642
1.446
1.334
1.248
1.433
1.500
1.511
1.476
1.406
1.235
1.255
1.481
1.275
1.303
1.432
1.247
1.241
1.223
1.465
1.605
1.375
1.250
1.265
1.426
1.517
1.430
1.369
1.308
1.651
1.397
1.252
1.395
1.484
1.395
1.503
1.529
1.239
1.397
1.247
1.627
1.317
1.789
1.299
1.210
1.212
1.461
1.589
1.556
1.294
1.246
1.316
1.242
1.365
1.495
1.694
1.518
1.362
1.237
1.351
1.271
1.386
1.316
1.327
1.305
1.202
1.376
1.581
1.457
1.507
1.350
1.462
1.393
1.223
1.265
1.419
1.435
1.409
1.358
1.383
1.318
1.321
1.348
1.340
1.585
1.545
1.379
1.420
1.264
1.397
1.264
1.535
1.234
1.230
1.243
1.257
1.436
1.505
1.631
1.227
1.375
1.233
1.295
1.344
1.276
1.523
1.439
1.415
1.240
1.252
1.461
1.273
1.567
1.414
1.247
1.488
1.270
1.267
1.450
1.548
1.303
1.265
1.251
1.409
1.368
1.347
1.274
1.372
1.252
1.258
1.451
1.373
1.477
1.340
1.439
1.249
1.323
1.261
1.423
1.546
1.446
1.415
1.432
1.452
1.280
1.273
1.286
1.590
1.519
1.246
1.257
1.271
1.319
1.275
1.283
1.448
1.380
1.261
1.248
1.536
1.438
1.681
1.421
1.434
1.249
1.321
1.413
1.448
1.290
1.375
1.444
1.363
1.262
1.354
1.363
1.275
1.374
1.497
1.269
1.383
1.550
1.367
1.646
1.493
1.407
1.452
1.384
1.282
1.437
1.516
1.338
1.411
1.450
1.383
1.460
1.340
1.398
1.246
1.239
1.252
1.504
1.543
1.274
1.471
1.357
1.389
1.399
1.473
1.502
1.398
1.387
1.252
1.394
1.489
1.514
1.441
1.338
1.519
1.226
1.254
1.226
1.283
1.403
1.278
1.591
1.375
1.415
1.228
1.616
1.438
1.420
1.348
1.447
1.323
1.578
1.318
1.273
1.280
1.439
1.253
1.382
1.253
1.465
1.573
1.373
1.343
1.485
1.369
1.604
1.565
1.396
1.742
1.322
1.373
1.271
1.357
1.452
1.315
1.285
1.391
1.510
1.243
1.354
1.550
1.586
1.406
1.212
1.210
1.375
1.337
1.251
1.277
1.492
1.339
1.369
1.524
1.493
1.386
1.264
1.409
1.313
1.511
1.495
1.400
1.396
1.384
1.615
1.342
1.237
1.347
1.375
1.253
1.480
1.485
1.233
1.213
1.225
1.405
1.348
1.485
1.617
1.416
1.228
1.242
1.539
1.307
1.435
1.278
1.239
1.513
1.308
1.344
1.477
1.553
1.408
1.246
1.521
1.239
1.463
1.480
1.264
1.420
1.438
1.351
1.298
1.261
1.426
1.381
1.283
1.432
1.430
1.317
1.251
1.496
1.464
1.408
1.271
1.200
1.451
1.266
1.442
1.338
1.459
1.308
1.341
1.242
1.434
1.455
1.436
1.337
1.383
1.324
1.225
1.403
1.395
1.577
1.541
1.242
1.310
1.234
1.235
1.253
1.540
1.499
1.444
1.226
1.248
1.231
1.256
1.429
1.458
1.381
1.242
1.210
1.449
1.378
1.388
1.481
1.707
1.407
1.226
1.463
1.443
1.468
1.364
1.262
1.426
1.209
1.505
1.445
1.386
1.270
1.400
1.443
1.370
1.447
1.486
1.431
1.274
1.345
1.257
1.239
1.257
1.745
1.271
1.592
1.563
1.423
1.253
1.410
1.418
1.420
1.592
1.422
1.430
1.393
1.640
1.494
1.470
1.627
1.507
1.460
1.453
1.602
1.351
1.515
1.482
1.257
1.459
1.892
1.524
1.322
1.494
1.481
1.244
1.235
1.582
1.250
1.274
1.332
1.366
1.237
1.208
1.391
1.244
1.266
1.748
1.237
1.237
1.226
1.253
1.326
1.361
1.299
1.388
1.330
1.364
1.229
1.459
1.409
1.667
1.245
1.232
1.226
1.259
1.274
1.530
1.629
1.417
1.428
1.361
1.427
1.488
1.277
1.462
1.333
1.470
1.231
1.383
1.466
1.346
1.286
1.374
1.250
1.242
1.442
1.632
1.361
1.273
1.423
1.231
1.227
1.378
1.388
1.662
1.674
1.308
1.236
1.227
1.494
1.382
1.399
1.560
1.271
1.216
1.213
1.515
1.433
1.590
1.767
1.242
1.420
1.393
1.516
1.263
1.304
1.514
1.239
1.251
1.422
1.405
1.460
1.268
1.454
1.226
1.446
1.391
1.263
1.305
1.496
1.518
1.235
1.224
1.359
1.261
1.428
1.413
1.359
1.430
1.239
1.242
1.367
1.467
1.418
1.319
1.412
1.236
1.406
1.364
1.645
1.412
1.401
1.400
1.258
1.258
1.279
1.414
1.472
1.354
1.354
1.418
1.324
1.282
1.580
1.661
1.459
1.532
1.245
1.321
1.347
1.503
1.272
1.506
1.435
1.416
1.250
1.346
1.462
1.488
1.542
1.407
1.313
1.245
1.604
1.284
1.504
1.382
1.404
1.382
1.257
1.316
1.301
1.332
1.442
1.369
1.239
1.328
1.606
1.438
1.369
1.347
1.256
1.259
1.503
1.494
1.275
1.419
1.462
1.446
1.392
1.249
1.588
1.268
1.275
1.410
1.463
1.232
1.275
1.432
1.417
1.461
1.595
1.227
1.354
1.230
1.516
1.430
1.660
1.501
1.435
1.491
1.358
1.382
1.437
1.423
1.382
1.406
1.252
1.424
1.271
1.416
1.312
1.376
1.248
1.276
1.445
1.409
1.493
1.360
1.582
1.249
1.252
1.371
1.353
1.474
1.410
1.438
1.244
1.500
1.413
1.256
1.421
1.396
1.469
1.442
1.379
1.417
1.245
1.378
1.353
1.287
1.209
1.227
1.252
1.436
1.583
1.690
1.402
1.254
1.430
1.547
1.394
1.439
1.418
1.250
1.506
1.299
1.536
1.292
1.286
1.464
1.249
1.489
1.248
1.612
1.380
1.602
1.395
1.323
1.491
1.239
1.311
1.258
1.593
1.466
1.456
1.236
1.258
1.418
1.371
1.484
1.533
1.241
1.243
1.434
1.462
1.459
1.455
1.254
1.477
1.246
1.543
1.569
1.387
1.437
1.386
1.243
1.242
1.250
1.696
1.416
1.464
1.502
1.240
1.442
1.531
1.504
1.271
1.413
1.345
1.389
1.755
1.423
1.500
1.449
1.517
1.490
1.249
1.381
1.517
1.512
1.586
1.563
1.270
1.376
1.258
1.573
1.272
1.462
1.355
1.345
1.431
1.498
1.442
1.403
1.452
1.317
1.253
1.256
1.267
1.435
1.391
1.420
1.542
1.264
1.253
1.554
1.431
1.582
1.312
1.365
1.226
1.368
1.447
1.497
1.269
1.291
1.425
1.526
1.356
1.671
1.244
1.261
1.436
1.398
1.233
1.244
1.247
1.564
1.449
1.426
1.419
1.401
1.404
1.354
1.455
1.261
1.356
1.334
1.506
1.434
1.251
1.544
1.257
1.386
1.250
1.367
1.238
1.240
1.325
1.483
1.427
1.257
1.371
1.492
1.483
1.612
1.436
1.285
1.366
1.504
1.224
1.248
1.463
1.438
1.475
1.452
1.362
1.336
1.366
1.280
1.595
1.438
1.257
1.312
1.235
1.629
1.513
1.565
1.349
1.246
1.220
1.234
1.323
1.323
1.708
1.431
1.227
1.461
1.513
1.270
1.248
1.572
1.348
1.435
1.407
1.228
1.253
1.249
1.535
1.492
1.223
1.487
1.380
1.264
1.475
1.267
1.277
1.244
1.225
1.238
1.257
1.256
1.463
1.338
1.415
1.462
1.222
1.229
1.469
1.252
1.437
1.684
1.662
1.240
1.243
1.648
1.274
1.324
1.582
1.220
1.228
1.243
1.276
1.703
1.450
1.440
1.475
1.216
1.503
1.364
1.432
1.407
1.449
1.406
1.210
1.226
1.361
1.733
1.587
1.237
1.229
1.474
1.265
1.266
1.523
1.388
1.269
1.420
1.234
1.249
1.274
1.299
1.388
1.477
1.505
1.316
1.360
1.337
1.282
1.369
1.364
1.214
1.239
1.221
1.292
1.253
1.539
1.633
1.248
1.229
1.243
1.435
1.467
1.375
1.474
1.241
1.228
1.243
1.520
1.257
1.270
1.500
1.238
1.225
1.506
1.422
1.402
1.615
1.481
1.248
1.464
1.244
1.283
1.455
1.630
1.281
1.383
1.221
1.244
1.302
1.436
1.459
1.503
1.335
1.484
1.210
1.263
1.249
1.383
1.399
1.366
1.317
1.248
1.248
1.419
1.326
1.366
1.421
1.384
1.412
1.409
1.342
1.416
1.487
1.249
1.420
1.209
1.534
1.460
1.426
1.507
1.448
1.225
1.220
1.426
1.657
1.492
1.444
1.218
1.564
1.231
1.436
1.405
1.299
1.290
1.241
1.233
1.241
1.457
1.527
1.493
1.406
1.237
1.430
1.413
1.362
1.383
1.270
1.268
1.307
1.415
1.233
1.251
1.280
1.401
1.350
1.391
1.361
1.402
1.529
1.375
1.327
1.356
1.350
1.413
1.228
1.426
1.371
1.274
1.471
1.433
1.229
1.238
1.379
1.435
1.723
1.401
1.395
1.549
1.232
1.449
1.524
1.673
1.274
1.425
1.255
1.248
1.280
1.247
1.704
1.420
1.462
1.319
1.242
1.692
1.434
1.383
1.603
1.419
1.232
1.236
1.453
1.640
1.692
1.227
1.218
1.263
1.256
1.365
1.265
1.279
1.282
1.437
1.306
1.503
1.287
1.282
1.407
1.456
1.252
1.233
1.255
1.272
1.407
1.447
1.646
1.233
1.232
1.231
1.500
1.297
1.282
1.522
1.418
1.249
1.276
1.605
1.457
1.413
1.279
1.338
1.412
1.224
1.278
1.384
1.441
1.379
1.316
1.237
1.389
1.370
1.307
1.260
1.785
1.232
1.223
1.339
1.334
1.343
1.352
1.274
1.423
1.342
1.375
1.390
1.287
1.335
1.443
1.250
1.487
1.210
1.231
1.421
1.452
1.445
1.458
1.250
1.383
1.398
1.560
1.519
1.712
1.421
1.278
1.363
1.462
1.241
1.418
1.450
1.453
1.237
1.232
1.452
1.518
1.415
1.499
1.374
1.417
1.466
1.393
1.439
1.406
1.283
1.247
1.249
1.250
1.274
1.444
1.277
1.617
1.391
1.252
1.252
1.676
1.402
1.284
1.370
1.419
1.367
1.229
1.405
1.272
1.280
1.474
1.250
1.429
1.227
1.275
1.305
1.443
1.615
1.259
1.243
1.424
1.541
1.266
1.296
1.459
1.328
1.252
1.249
1.248
1.260
1.675
1.427
1.365
1.436
1.470
1.259
1.368
1.386
1.463
1.488
1.226
1.263
1.242
1.363
1.373
1.549
1.417
1.453
1.237
1.250
1.355
1.556
1.525
1.404
1.242
1.463
1.385
1.388
1.287
1.551
1.253
1.467
1.390
1.255
1.597
1.271
1.633
1.585
1.227
1.256
1.247
1.391
1.506
1.368
1.405
1.260
1.246
1.439
1.360
1.461
1.523
1.384
1.303
1.241
1.254
1.607
1.428
1.341
1.256
1.252
1.467
1.257
1.264
1.432
1.310
1.379
1.234
1.224
1.254
1.474
1.503
1.658
1.353
1.226
1.239
1.552
1.377
1.713
1.282
1.217
1.229
1.484
1.533
1.508
1.400
1.451
1.457
1.246
1.393
1.255
1.322
1.560
1.383
1.497
1.406
1.230
1.274
1.360
1.691
1.513
1.360
1.280
1.223
1.251
1.249
1.487
1.320
1.240
1.231
1.220
1.249
1.477
1.263
1.274
1.349
1.213
1.214
1.573
1.304
1.258
1.417
1.516
1.232
1.219
1.237
1.413
1.263
1.505
1.555
1.265
1.721
1.450
1.530
1.617
1.636
1.376
1.244
1.523
1.268
1.520
1.385
1.484
1.238
1.741
1.224
1.752
1.230
1.292
1.279
1.215
1.215
1.221
1.238
1.522
1.272
1.507
1.465
1.231
1.240
1.239
1.468
1.254
1.501
1.440
1.354
1.376
1.243
1.505
1.608
1.364
1.259
1.438
1.480
1.274
1.398
1.285
1.435
1.392
1.424
1.445
1.278
1.474
1.615
1.447
1.252
1.520
1.247
1.274
1.300
1.504
1.285
1.406
1.256
1.451
1.271
1.513
1.605
1.279
1.315
1.243
1.241
1.273
1.564
1.406
1.376
1.266
1.387
1.390
1.536
1.248
1.440
1.274
1.436
1.246
1.256
1.439
1.429
1.488
1.291
1.266
1.382
1.398
1.262
1.438
1.472
1.283
1.469
1.350
1.424
1.258
1.383
1.567
1.551
1.495
1.210
1.349
1.264
1.483
1.383
1.488
1.317
1.221
1.350
1.283
1.475
1.524
1.442
1.360
1.233
1.241
1.269
1.413
1.765
1.514
1.227
1.227
1.232
1.576
1.552
1.604
1.326
1.430
1.252
1.243
1.281
1.405
1.387
1.700
1.254
1.247
1.380
1.590
1.605
1.480
1.458
1.250
1.237
1.326
1.426
1.274
1.304
1.476
1.274
1.229
1.225
1.631
1.245
1.442
1.780
1.232
1.231
1.228
1.492
1.421
1.266
1.581
1.234
1.235
1.246
1.401
1.447
1.551
1.319
1.434
1.350
1.234
1.347
1.476
1.285
1.498
1.447
1.383
1.233
1.705
1.509
1.475
1.318
1.357
1.371
1.221
1.300
1.275
1.475
1.343
1.423
1.399
1.244
1.386
1.419
1.352
1.507
1.185
1.357
1.221
1.267
1.356
1.673
1.316
1.409
1.218
1.236
1.275
1.262
1.437
1.339
1.352
1.333
1.244
1.431
1.407
1.457
1.413
1.359
1.446
1.245
1.279
1.335
1.545
1.504
1.255
1.471
1.513
1.574
1.458
1.393
1.427
1.457
1.377
1.404
1.438
1.529
1.342
1.252
1.473
1.232
1.232
1.425
1.249
1.325
1.388
1.302
1.243
1.460
1.279
1.431
1.390
1.356
1.303
1.238
1.241
1.268
1.475
1.478
1.335
1.382
1.437
1.231
1.383
1.333
1.603
1.406
1.243
1.366
1.371
1.260
1.405
1.525
1.275
1.422
1.232
1.232
1.274
1.412
1.424
1.260
1.516
1.240
1.417
1.247
1.404
1.502
1.557
1.452
1.499
1.240
1.269
1.254
1.321
1.291
1.404
1.371
1.252
1.295
1.515
1.461
1.277
1.332
1.419
1.250
1.260
1.275
1.469
1.451
1.274
1.418
1.448
1.254
1.383
1.453
1.665
1.370
1.440
1.386
1.273
1.565
1.379
1.479
1.465
1.455
1.386
1.288
1.401
1.275
1.439
1.308
1.492
1.247
1.488
1.482
1.461
1.343
1.300
1.256
1.246
1.276
1.407
1.365
1.282
1.246
1.463
1.501
1.268
1.496
1.433
1.441
1.384
1.495
1.337
1.534
1.387
1.270
1.480
1.404
1.246
1.242
1.580
1.360
1.450
1.277
1.392
1.302
1.407
1.278
1.459
1.449
1.531
1.287
1.241
1.251
1.292
1.260
1.368
1.509
1.388
1.249
1.387
1.614
1.481
1.269
1.394
1.434
1.331
1.215
1.259
1.246
1.265
1.505
1.441
1.422
1.456
1.766
1.392
1.339
1.568
1.191
1.341
1.232
1.585
1.400
1.295
1.391
1.327
1.427
1.436
1.396
1.401
1.587
1.682
1.473
1.503
1.601
1.543
1.458
1.607
1.313
1.445
1.241
1.483
1.446
1.284
1.743
1.426
1.318
1.426
1.472
1.411
1.450
1.433
1.245
1.241
1.270
1.287
1.305
1.423
1.495
1.245
1.349
1.348
1.478
1.269
1.360
1.416
1.470
1.313
1.249
1.429
1.260
1.415
1.597
1.320
1.237
1.239
1.278
1.422
1.326
1.416
1.510
1.244
1.246
1.435
1.396
1.533
1.452
1.399
1.252
1.254
1.637
1.507
1.489
1.619
1.248
1.245
1.247
1.273
1.257
1.389
1.465
1.431
1.262
1.447
1.446
1.359
1.468
1.352
1.234
1.242
1.246
1.434
1.515
1.334
1.399
1.243
1.385
1.460
1.308
1.269
1.343
1.352
1.512
1.251
1.386
1.557
1.257
1.452
1.457
1.239
1.230
1.207
1.451
1.369
1.622
1.465
1.404
1.213
1.226
1.273
1.255
1.654
1.556
1.241
1.236
1.247
1.438
1.407
1.673
1.504
1.208
1.452
1.226
1.590
1.266
1.289
1.417
1.451
1.370
1.237
1.481
1.538
1.487
1.441
1.219
1.237
1.391
1.602
1.448
1.647
1.439
1.195
1.223
1.321
1.437
1.362
1.566
1.502
1.209
1.306
1.240
1.626
1.390
1.708
1.448
1.398
1.208
1.253
1.471
1.314
1.285
1.399
1.193
1.191
1.220
1.459
1.577
1.284
1.432
1.234
1.243
1.244
1.277
1.635
1.445
1.393
1.226
1.375
1.311
1.426
1.729
1.388
1.444
1.243
1.453
1.256
1.378
1.415
1.383
1.358
1.231
1.477
1.235
1.460
1.267
1.470
1.407
1.413
1.242
1.234
1.652
1.255
1.433
1.252
1.513
1.500
1.262
1.366
1.365
1.263
1.493
1.230
1.229
1.232
1.276
1.258
1.406
1.532
1.229
1.235
1.234
1.408
1.390
1.398
1.357
1.393
1.224
1.217
1.513
1.377
1.624
1.515
1.309
1.233
1.227
1.443
1.469
1.527
1.481
1.268
1.454
1.395
1.272
1.436
1.299
1.377
1.252
1.506
1.230
1.274
1.430
1.461
1.278
1.244
1.233
1.232
1.527
1.436
1.498
1.460
1.233
1.218
1.230
1.280
1.457
1.357
1.677
1.365
1.231
1.242
1.250
1.565
1.488
1.487
1.436
1.392
1.226
1.399
1.376
1.432
1.466
1.429
1.239
1.226
1.389
1.329
1.272
1.493
1.277
1.380
1.212
1.263
1.473
1.467
1.486
1.386
1.594
1.478
1.511
1.262
1.416
1.721
1.230
1.240
1.233
1.292
1.375
1.423
1.794
1.234
1.218
1.228
1.267
1.401
1.441
1.285
1.240
1.227
1.244
1.517
1.588
1.293
1.466
1.371
1.342
1.223
1.398
1.374
1.275
1.356
1.414
1.276
1.244
1.249
1.587
1.277
1.665
1.680
1.217
1.226
1.255
1.423
1.265
1.356
1.431
1.242
1.404
1.209
1.466
1.455
1.289
1.270
1.250
1.246
1.449
1.340
1.451
1.569
1.364
1.437
1.250
1.248
1.627
1.456
1.377
1.381
1.449
1.230
1.248
1.577
1.432
1.885
1.612
1.239
1.220
1.438
1.254
1.449
1.402
1.242
1.442
1.246
1.270
1.266
1.337
1.410
1.396
1.370
1.248
1.451
1.420
1.285
1.477
1.267
1.256
1.251
1.253
1.402
1.551
1.447
1.423
1.243
1.251
1.248
1.523
1.264
1.440
1.266
1.416
1.239
1.235
1.275
1.266
1.511
1.591
1.394
1.358
1.226
1.505
1.294
1.547
1.499
1.211
1.300
1.241
1.487
1.271
1.491
1.327
1.411
1.499
1.249
1.496
1.411
1.495
1.360
1.278
1.220
1.218
1.609
1.297
1.301
1.505
1.491
1.249
1.528
1.530
1.552
1.753
1.248
1.392
1.253
1.278
1.633
1.341
1.368
1.256
1.411
1.252
1.278
1.400
1.451
1.290
1.433
1.237
1.318
1.431
1.263
1.541
1.499
1.251
1.342
1.265
1.438
1.619
1.631
1.516
1.244
1.240
1.246
1.417
1.538
1.404
1.477
1.249
1.270
1.415
1.493
1.406
1.367
1.387
1.428
1.324
1.245
1.268
1.268
1.273
1.486
1.257
1.246
1.461
1.292
1.451
1.312
1.378
1.256
1.238
1.231
1.264
1.257
1.806
1.615
1.331
1.256
1.264
1.276
1.479
1.334
1.633
1.363
1.217
1.336
1.645
1.335
1.318
1.430
1.336
1.213
1.191
1.372
1.387
1.550
1.522
1.248
1.235
1.466
1.526
1.485
1.416
1.427
1.367
1.350
1.212
1.253
1.336
1.424
1.361
1.276
1.375
1.237
1.268
1.345
1.268
1.460
1.253
1.247
1.229
1.253
1.286
1.262
1.397
1.426
1.426
1.226
1.218
1.442
1.256
1.568
1.503
1.238
1.217
1.220
1.275
1.263
1.346
1.288
1.261
1.251
1.240
1.245
1.498
1.597
1.668
1.341
1.221
1.205
1.239
1.387
1.264
1.379
1.364
1.213
1.224
1.270
1.413
1.274
1.277
1.540
1.241
1.242
1.231
1.281
1.397
1.281
1.278
1.433
1.346
1.411
1.438
1.377
1.411
1.471
1.220
1.337
1.235
1.261
1.445
1.408
1.593
1.220
1.235
1.469
1.939
1.273
1.647
1.720
1.260
1.231
1.360
1.390
1.611
1.453
1.263
1.229
1.236
1.222
1.289
1.472
1.627
1.512
1.260
1.248
1.225
1.286
1.505
1.407
1.452
1.312
1.227
1.377
1.506
1.361
1.557
1.449
1.373
1.248
1.430
1.588
1.410
1.624
1.426
1.402
1.226
1.233
1.465
1.361
1.372
1.377
1.198
1.232
1.234
1.519
1.395
1.421
1.274
1.384
1.307
1.227
1.528
1.565
1.451
1.405
1.227
1.247
1.449
1.467
1.282
1.522
1.412
1.271
1.288
1.241
1.265
1.240
1.496
1.559
1.495
1.303
1.205
1.266
1.502
1.320
1.387
1.301
1.429
1.232
1.259
1.250
1.419
1.378
1.433
1.250
1.245
1.281
1.475
1.338
1.714
1.492
1.256
1.311
1.457
1.354
1.374
1.464
1.482
1.229
1.228
1.418
1.386
1.259
1.440
1.240
1.243
1.232
1.248
1.256
1.269
1.514
1.248
1.246
1.389
1.412
1.561
1.541
1.438
1.273
1.396
1.381
1.250
1.591
1.488
1.392
1.245
1.226
1.232
1.240
1.533
1.456
1.411
1.337
1.235
1.227
1.231
1.644
1.264
1.386
1.351
1.370
1.375
1.240
1.526
1.261
1.275
1.553
1.433
1.322
1.392
1.404
1.345
1.585
1.422
1.233
1.222
1.420
1.473
1.251
1.538
1.430
1.367
1.217
1.216
1.567
1.503
1.808
1.407
1.228
1.236
1.238
1.484
1.270
1.606
1.416
1.312
1.302
1.244
1.479
1.265
1.504
1.545
1.246
1.237
1.250
1.416
1.276
1.268
1.525
1.212
1.217
1.448
1.374
1.262
1.477
1.271
1.412
1.240
1.387
1.279
1.417
1.317
1.386
1.371
1.325
1.432
1.675
1.564
1.832
1.585
1.229
1.375
1.233
1.453
1.383
1.264
1.464
1.199
1.212
1.214
1.582
1.258
1.265
1.270
1.433
1.415
1.237
1.465
1.398
1.657
1.644
1.485
1.382
1.271
1.450
1.501
1.658
1.248
1.351
1.242
1.435
1.331
1.376
1.581
1.239
1.211
1.227
1.247
1.413
1.641
1.469
1.391
1.200
1.225
1.503
1.468
1.451
1.423
1.469
1.236
1.233
1.305
1.539
1.261
1.463
1.438
1.489
1.234
1.260
1.519
1.265
1.511
1.308
1.393
1.464
1.477
1.413
1.412
1.415
1.415
1.453
1.222
1.247
1.495
1.306
1.278
1.432
1.254
1.503
1.270
1.324
1.496
1.284
1.554
1.242
1.240
1.240
1.304
1.383
1.504
1.451
1.240
1.230
1.233
1.398
1.269
1.277
1.442
1.391
1.257
1.572
1.541
1.779
1.387
1.580
1.239
1.403
1.437
1.317
1.429
1.754
1.215
1.210
1.226
1.247
1.464
1.730
1.451
1.429
1.242
1.223
1.445
1.478
1.370
1.590
1.504
1.201
1.236
1.299
1.401
1.475
1.540
1.246
1.249
1.366
1.440
1.424
1.278
1.436
1.482
1.256
1.239
1.290
1.553
1.912
1.359
1.246
1.388
1.273
1.333
1.275
1.349
1.276
1.432
1.249
1.256
1.444
1.543
1.291
1.294
1.502
1.599
1.366
1.562
1.519
1.536
1.420
1.375
1.329
1.513
1.445
1.420
1.396
1.336
1.224
1.485
1.227
1.378
1.272
1.394
1.396
1.428
1.251
1.438
1.496
1.311
1.479
1.251
1.243
1.210
1.356
1.419
1.251
1.515
1.255
1.413
1.213
1.206
1.466
1.638
1.356
1.393
1.361
1.239
1.263
1.313
1.264
1.579
1.416
1.234
1.207
1.225
1.560
1.248
1.271
1.292
1.266
1.216
1.352
1.543
1.415
1.700
1.298
1.420
1.286
1.232
1.371
1.336
1.398
1.386
1.409
1.233
1.219
1.259
1.550
1.276
1.545
1.239
1.416
1.355
1.412
1.256
1.550
1.717
1.234
1.231
1.227
1.437
1.326
1.538
1.518
1.426
1.397
1.236
1.613
1.273
1.266
1.505
1.471
1.233
1.208
1.625
1.363
1.409
1.583
1.500
1.225
1.582
1.282
1.255
1.427
1.363
1.428
1.416
1.241
1.271
1.255
1.422
1.513
1.238
1.246
1.383
1.268
1.251
1.435
1.482
1.240
1.240
1.246
1.254
1.510
1.273
1.403
1.418
1.473
1.239
1.461
1.455
1.538
1.580
1.406
1.235
1.409
1.265
1.497
1.761
1.438
1.499
1.517
1.236
1.358
1.318
1.272
1.478
1.237
1.244
1.236
1.254
1.466
1.349
1.440
1.391
1.231
1.233
1.250
1.259
1.669
1.394
1.385
1.495
1.498
1.400
1.468
1.278
1.452
1.250
1.391
1.241
1.419
1.328
1.483
1.486
1.453
1.255
1.416
1.377
1.456
1.263
1.518
1.244
1.491
1.261
1.268
1.320
1.411
1.803
1.268
1.244
1.397
1.367
1.413
1.470
1.285
1.280
1.393
1.246
1.487
1.285
1.378
1.299
1.403
1.419
1.250
1.558
1.432
1.267
1.533
1.250
1.627
1.247
1.481
1.431
1.345
1.540
1.292
1.331
1.234
1.277
1.433
1.628
1.456
1.502
1.236
1.372
1.546
1.745
1.457
1.336
1.515
1.501
1.259
1.673
1.462
1.641
1.509
1.385
1.249
1.609
1.458
1.414
1.454
1.257
1.252
1.522
1.321
1.405
1.594
1.494
1.334
1.238
1.260
1.285
1.462
1.329
1.412
1.252
1.246
1.388
1.482
1.449
1.423
1.562
1.438
1.256
1.248
1.559
1.730
1.269
1.362
1.390
1.255
1.278
1.789
1.368
1.524
1.260
1.442
1.413
1.280
1.502
1.504
1.277
1.316
1.255
1.253
1.435
1.283
1.274
1.276
1.495
1.240
1.236
1.251
1.270
1.532
1.419
1.248
1.255
1.241
1.254
1.400
1.525
1.410
1.607
1.463
1.391
1.273
1.488
1.516
1.445
1.346
1.381
1.383
1.248
1.428
1.501
1.524
1.440
1.238
1.254
1.279
1.328
1.533
1.511
1.403
1.260
1.400
1.556
1.348
1.330
1.493
1.267
1.388
1.263
1.627
1.396
1.276
1.431
1.445
1.242
1.445
1.685
1.383
1.259
1.352
1.392
1.402
1.251
1.280
1.267
1.522
1.279
1.454
1.242
1.391
1.511
1.494
1.511
1.517
1.307
1.247
1.228
1.409
1.435
1.314
1.560
1.505
1.483
1.236
1.411
1.324
1.344
1.596
1.249
1.463
1.251
1.380
1.783
1.445
1.514
1.439
1.249
1.359
1.588
1.559
1.760
1.393
1.267
1.238
1.282
1.535
1.407
1.672
1.241
1.375
1.415
1.608
1.422
1.503
1.489
1.246
1.235
1.367
1.523
1.346
1.377
1.329
1.483
1.432
1.402
1.436
1.394
1.266
1.273
1.428
1.221
1.233
1.602
1.273
1.261
1.285
1.502
1.231
1.229
1.286
1.352
1.452
1.278
1.233
1.231
1.477
1.276
1.474
1.535
1.441
1.237
1.239
1.374
1.515
1.415
1.310
1.511
1.239
1.298
1.607
1.497
1.551
1.363
1.340
1.324
1.236
1.229
1.436
1.532
1.260
1.410
1.369
1.454
1.249
1.557
1.360
1.336
1.414
1.259
1.279
1.250
1.669
1.525
1.273
1.438
1.475
1.257
1.512
1.620
1.703
1.390
1.248
1.402
1.277
1.440
1.502
1.579
1.573
1.442
1.379
1.510
1.453
1.446
1.412
1.385
1.378
1.418
1.321
1.381
1.602
1.394
1.412
1.230
1.214
1.251
1.432
1.622
1.278
1.457
1.395
1.377
1.239
1.468
1.528
1.321
1.266
1.256
1.237
1.258
1.485
1.402
1.268
1.350
1.251
1.200
1.379
1.267
1.301
1.440
1.395
1.238
1.446
1.412
1.436
1.352
1.239
1.495
1.372
1.237
1.222
1.495
1.452
1.468
1.392
1.431
1.177
1.189
1.400
1.457
1.236
1.259
1.253
1.493
1.412
1.549
1.338
1.771
1.436
1.446
1.229
1.242
1.258
1.500
1.493
1.272
1.417
1.281
1.229
1.260
1.481
1.326
1.390
1.292
1.416
1.227
1.239
1.528
1.439
1.449
1.404
1.395
1.445
1.502
1.398
1.523
1.493
1.225
1.209
1.442
1.266
1.586
1.466
1.510
1.606
1.201
1.218
1.445
1.398
1.586
1.433
1.234
1.382
1.232
1.403
1.551
1.582
1.448
1.379
1.399
1.222
1.526
1.511
1.247
1.471
1.213
1.392
1.218
1.276
1.432
1.320
1.369
1.339
1.212
1.225
1.366
1.377
1.352
1.443
1.247
1.257
1.402
1.261
1.353
1.338
1.480
1.209
1.221
1.235
1.239
1.391
1.782
1.463
1.497
1.221
1.421
1.406
1.420
1.357
1.447
1.473
1.222
1.228
1.605
1.292
1.498
1.334
1.442
1.404
1.360
1.414
1.366
1.262
1.537
1.346
1.515
1.518
1.503
1.441
1.479
1.411
1.428
1.568
1.206
1.271
1.315
1.387
1.567
1.217
1.204
1.452
1.421
1.535
1.344
1.598
1.248
1.229
1.384
1.502
1.643
1.489
1.339
1.385
1.231
1.236
1.587
1.356
1.384
1.456
1.246
1.237
1.502
1.603
1.453
1.505
1.405
1.308
1.239
1.243
1.398
1.462
1.450
1.399
1.239
1.406
1.252
1.390
1.596
1.337
1.477
1.414
1.232
1.259
1.419
1.433
1.244
1.391
1.228
1.232
1.225
1.275
1.334
1.527
1.512
1.513
1.236
1.388
1.327
1.362
1.568
1.498
1.244
1.236
1.488
1.387
1.487
1.480
1.697
1.227
1.368
1.219
1.518
1.275
1.467
1.448
1.216
1.210
1.224
1.385
1.278
1.269
1.287
1.440
1.338
1.664
1.289
1.413
1.397
1.460
1.241
1.229
1.284
1.286
1.497
1.361
1.404
1.448
1.244
1.247
1.273
1.584
1.247
1.477
1.566
1.232
1.215
1.580
1.372
1.637
1.339
1.549
1.256
1.251
1.380
1.378
1.553
1.469
1.237
1.212
1.353
1.290
1.282
1.269
1.280
1.394
1.249
1.236
1.572
1.389
1.259
1.276
1.357
1.241
1.237
1.341
1.276
1.439
1.254
1.425
1.220
1.230
1.237
1.756
1.322
1.273
1.437
1.251
1.307
1.241
1.559
1.457
1.606
1.410
1.486
1.230
1.245
1.468
1.413
1.485
1.480
1.233
1.387
1.252
1.394
1.463
1.415
1.414
1.381
1.227
1.262
1.596
1.439
1.467
1.251
1.502
1.375
1.403
1.623
1.598
1.480
1.478
1.226
1.355
1.830
1.447
1.430
1.256
1.434
1.212
1.214
1.276
1.444
1.527
1.615
1.436
1.217
1.234
1.271
1.401
1.438
1.500
1.310
1.218
1.354
1.499
1.835
1.591
1.357
1.578
1.197
1.233
1.716
1.330
1.269
1.374
1.230
1.426
1.243
1.452
1.397
1.241
1.382
1.492
1.217
1.431
1.487
1.367
1.436
1.441
1.425
1.448
1.353
1.282
1.546
1.355
1.316
1.435
1.485
1.445
1.584
1.419
1.290
1.401
1.502
1.240
1.466
1.481
1.381
1.414
1.439
1.619
1.375
1.279
1.290
1.462
1.414
1.532
1.251
1.243
1.523
1.446
1.535
1.430
1.390
1.218
1.201
1.338
1.271
1.408
1.271
1.362
1.225
1.221
1.489
1.739
1.338
1.556
1.233
1.218
1.215
1.266
1.268
1.683
1.364
1.239
1.229
1.448
1.260
1.259
1.253
1.264
1.252
1.356
1.224
1.220
1.529
1.568
1.416
1.503
1.232
1.220
1.227
1.609
1.564
1.603
1.355
1.229
1.213
1.328
1.585
1.562
1.259
1.357
1.324
1.496
1.256
1.620
1.324
1.266
1.423
1.209
1.215
1.351
1.700
1.478
1.291
1.259
1.377
1.205
1.202
1.403
1.634
1.263
1.456
1.222
1.214
1.223
1.414
1.489
1.325
1.723
1.232
1.233
1.214
1.293
1.319
1.327
1.537
1.400
1.379
1.541
1.442
1.359
1.395
1.288
1.248
1.237
1.464
1.617
1.514
1.463
1.401
1.424
1.215
1.248
1.578
1.503
1.251
1.367
1.221
1.212
1.537
1.438
1.273
1.254
1.515
1.234
1.507
1.439
1.269
1.415
1.266
1.518
1.418
1.408
1.251
1.326
1.302
1.257
1.502
1.242
1.422
1.208
1.374
1.544
1.430
1.389
1.360
1.227
1.210
1.269
1.266
1.365
1.260
1.482
1.416
1.428
1.633
1.293
1.396
1.257
1.215
1.187
1.336
1.512
1.285
1.262
1.331
1.267
1.232
1.330
1.232
1.467
1.515
1.274
1.493
1.431
1.339
1.463
1.278
1.470
1.257
1.444
1.500
1.238
1.248
1.779
1.473
1.361
1.245
1.471
1.274
1.265
1.492
1.255
1.274
1.254
1.260
1.370
1.454
1.266
1.566
1.505
1.670
1.250
1.248
1.275
1.659
1.254
1.537
1.249
1.388
1.417
1.548
1.358
1.350
1.482
1.256
1.256
1.448
1.276
1.600
1.345
1.409
1.249
1.250
1.377
1.624
1.632
1.274
1.459
1.257
1.250
1.249
1.503
1.337
1.544
1.330
1.246
1.444
1.392
1.583
1.548
1.348
1.624
1.434
1.254
1.259
1.362
1.412
1.270
1.496
1.517
1.250
1.256
1.438
1.430
1.417
1.456
1.255
1.492
1.268
1.474
1.395
1.275
1.478
1.245
1.256
1.264
1.388
1.433
1.273
1.604
1.431
1.255
1.277
1.453
1.412
1.425
1.634
1.358
1.493
1.555
1.366
1.522
1.675
1.472
1.237
1.240
1.367
1.608
1.287
1.412
1.253
1.415
1.383
1.282
1.803
1.554
1.593
1.414
1.321
1.659
1.504
1.243
1.455
1.312
1.258
1.249
1.259
1.343
1.364
1.286
1.430
1.339
1.426
1.254
1.585
1.258
1.524
1.302
1.257
1.341
1.515
1.517
1.325
1.625
1.399
1.237
1.421
1.554
1.479
1.431
1.322
1.374
1.232
1.234
1.409
1.439
1.427
1.400
1.249
1.446
1.244
1.326
1.807
1.322
1.519
1.236
1.420
1.367
1.276
1.535
1.492
1.737
1.228
1.226
1.228
1.438
1.498
1.242
1.532
1.234
1.238
1.234
1.363
1.513
1.375
1.382
1.537
1.439
1.446
1.735
1.503
1.609
1.415
1.242
1.383
1.259
1.403
1.585
1.442
1.519
1.254
1.252
1.492
1.282
1.248
1.267
1.465
1.434
1.468
1.402
1.305
1.364
1.520
1.406
1.312
1.308
1.277
1.477
1.380
1.280
1.409
1.240
1.258
1.257
1.618
1.433
1.270
1.505
1.366
1.423
1.746
1.603
1.469
1.407
1.352
1.328
1.421
1.353
1.552
1.259
1.271
1.419
1.331
1.419
1.367
1.506
1.246
1.440
1.506
1.244
1.254
1.430
1.450
1.432
1.506
1.247
1.235
1.237
1.364
1.530
1.253
1.370
1.455
1.237
1.232
1.479
1.533
1.469
1.464
1.239
1.241
1.244
1.343
1.772
1.488
1.348
1.246
1.526
1.219
1.278
1.452
1.215
1.491
1.229
1.220
1.239
1.259
1.731
1.431
1.453
1.230
1.235
1.240
1.395
1.575
1.374
1.426
1.446
1.384
1.237
1.502
1.502
1.435
1.418
1.253
1.316
1.417
1.263
1.377
1.415
1.475
1.381
1.496
1.238
1.495
1.348
1.435
1.531
1.232
1.233
1.231
1.282
1.538
1.350
1.269
1.418
1.460
1.324
1.260
1.264
1.650
1.570
1.409
1.255
1.232
1.260
1.325
1.344
1.938
1.254
1.429
1.231
1.349
1.333
1.248
1.445
1.414
1.292
1.363
1.392
1.580
1.221
1.462
1.437
1.196
1.202
1.254
1.503
1.368
1.329
1.422
1.229
1.217
1.442
1.439
1.259
1.451
1.441
1.322
1.246
1.270
1.301
1.457
1.727
1.362
1.339
1.235
1.259
1.534
1.254
1.325
1.356
1.484
1.381
1.554
1.490
1.314
1.283
1.517
1.422
1.402
1.299
1.448
1.249
1.397
1.255
1.400
1.308
1.335
1.399
1.436
1.440
1.249
1.352
1.354
1.272
1.564
1.251
1.428
1.441
1.303
1.245
1.339
1.313
1.248
1.455
1.380
1.252
1.249
1.267
1.289
1.487
1.282
1.439
1.258
1.338
1.522
1.359
1.484
1.274
1.521
1.255
1.477
1.280
1.403
1.383
1.605
1.461
1.482
1.454
1.296
1.477
1.435
1.451
1.253
1.447
1.344
1.270
1.468
1.471
1.267
1.241
1.225
1.228
1.261
1.732
1.226
1.377
1.208
1.223
1.229
1.347
1.593
1.386
1.364
1.332
1.206
1.246
1.244
1.651
1.341
1.406
1.265
1.444
1.466
1.457
1.292
1.355
1.498
1.250
1.431
1.346
1.294
1.511
1.527
1.339
1.366
1.452
1.447
1.286
1.441
1.247
1.305
1.258
1.346
1.367
1.510
1.567
1.365
1.353
1.641
1.253
1.242
1.542
1.507
1.249
1.496
1.421
1.408
1.254
1.487
1.468
1.475
1.428
1.233
1.243
1.370
1.421
1.432
1.259
1.306
1.256
1.249
1.403
1.442
1.404
1.243
1.464
1.251
1.257
1.418
1.283
1.325
1.345
1.290
1.408
1.259
1.409
1.274
1.467
1.249
1.277
1.262
1.247
1.409
1.347
1.371
1.385
1.276
1.359
1.365
1.249
1.417
1.288
1.373
1.656
1.349
1.283
1.416
1.434
1.585
1.379
1.505
1.427
1.463
1.388
1.282
1.425
1.267
1.467
1.335
1.259
1.482
1.515
1.369
1.509
1.425
1.415
1.258
1.400
1.280
1.525
1.504
1.291
1.411
1.254
1.245
1.554
1.274
1.506
1.365
1.346
1.249
1.255
1.439
1.459
1.439
1.275
1.477
1.419
1.457
1.318
1.535
1.363
1.485
1.244
1.441
1.424
1.282
1.251
1.359
1.545
1.248
1.371
1.232
1.266
1.272
1.242
1.439
1.433
1.230
1.234
1.256
1.281
1.474
1.276
1.250
1.357
1.323
1.401
1.276
1.406
1.443
1.444
1.234
1.239
1.446
1.457
1.425
1.275
1.487
1.432
1.250
1.226
1.433
1.438
1.245
1.427
1.230
1.229
1.249
1.381
1.502
1.489
1.374
1.511
1.231
1.247
1.733
1.454
1.455
1.393
1.245
1.252
1.384
1.299
1.611
1.358
1.554
1.438
1.245
1.251
1.282
1.315
1.253
1.548
1.234
1.231
1.232
1.279
1.600
1.381
1.699
1.231
1.227
1.230
1.507
1.320
1.435
1.365
1.509
1.246
1.247
1.543
1.587
1.617
1.345
1.246
1.246
1.333
1.460
1.436
1.447
1.359
1.248
1.405
1.240
1.598
1.273
1.271
1.454
1.229
1.231
1.231
1.605
1.387
1.387
1.471
1.240
1.382
1.244
1.731
1.429
1.472
1.390
1.388
1.384
1.255
1.388
1.630
1.450
1.330
1.508
1.267
1.562
1.465
1.494
1.290
1.253
1.253
1.255
1.272
1.508
1.376
1.509
1.388
1.425
1.238
1.419
1.286
1.348
1.268
1.337
1.392
1.251
1.260
1.410
1.592
1.415
1.266
1.432
1.250
1.261
1.618
1.460
1.285
1.372
1.251
1.256
1.538
1.423
1.402
1.277
1.390
1.352
1.498
1.276
1.598
1.329
1.288
1.397
1.256
1.383
1.268
1.289
1.364
1.425
1.351
1.397
1.394
1.258
1.366
1.260
1.278
1.254
1.419
1.242
1.256
1.643
1.313
1.274
1.461
1.395
1.248
1.260
1.322
1.523
1.267
1.507
1.401
1.380
1.255
1.806
1.433
1.523
1.365
1.328
1.252
1.568
1.407
1.247
1.515
1.361
1.247
1.279
1.576
1.655
1.450
1.524
1.253
1.246
1.252
1.277
1.457
1.266
1.474
1.266
1.250
1.398
1.284
1.889
1.264
1.540
1.421
1.341
1.321
1.302
1.278
1.405
1.626
1.436
1.332
1.259
1.630
1.438
1.279
1.495
1.491
1.345
1.509
1.279
1.440
1.252
1.256
1.416
1.242
1.242
1.516
1.510
1.463
1.446
1.437
1.233
1.376
1.573
1.436
1.381
1.245
1.240
1.244
1.252
1.279
1.467
1.378
1.479
1.236
1.241
1.247
1.298
1.381
1.524
1.387
1.238
1.383
1.238
1.268
1.423
1.450
1.305
1.456
1.501
1.232
1.275
1.444
1.512
1.288
1.401
1.426
1.368
1.436
1.383
1.248
1.428
1.462
1.295
1.501
1.342
1.425
1.250
1.452
1.355
1.240
1.256
1.305
1.533
1.490
1.413
1.551
1.238
1.427
1.357
1.344
1.286
1.274
1.248
1.251
1.395
1.470
1.452
1.428
1.389
1.439
1.260
1.255
1.383
1.284
1.254
1.285
1.409
1.247
1.254
1.259
1.279
1.268
1.408
1.449
1.245
1.247
1.263
1.386
1.295
1.271
1.256
1.379
1.260
1.262
1.291
1.578
1.258
1.472
1.246
1.497
1.247
1.865
1.453
1.412
1.594
1.258
1.245
1.294
1.290
1.467
1.274
1.470
1.403
1.248
1.265
1.526
1.269
1.555
1.478
1.425
1.284
1.335
1.403
1.390
1.275
1.434
1.248
1.489
1.414
1.544
1.474
1.419
1.482
1.244
1.384
1.536
1.386
1.260
1.596
1.347
1.244
1.243
1.439
1.427
1.301
1.472
1.294
1.395
1.416
1.286
1.666
1.397
1.502
1.262
1.259
1.253
1.449
1.479
1.250
1.501
1.596
1.347
1.420
1.534
1.302
1.270
1.553
1.258
1.246
1.260
1.627
1.420
1.544
1.491
1.480
1.254
1.268
1.642
1.329
1.436
1.416
1.246
1.504
1.291
1.794
1.258
1.301
1.484
1.472
1.243
1.258
1.402
1.419
1.293
1.492
1.378
1.391
1.297
1.417
1.430
1.306
1.327
1.246
1.380
1.290
1.294
1.240
1.279
1.410
1.244
1.424
1.473
1.735
1.335
1.310
1.455
1.379
1.252
1.270
1.448
1.416
1.651
1.428
1.249
1.264
1.490
1.664
1.444
1.477
1.244
1.493
1.256
1.709
1.444
1.279
1.452
1.231
1.243
1.254
1.622
1.497
1.405
1.459
1.252
1.251
1.395
1.397
1.468
1.280
1.334
1.393
1.388
1.433
1.483
1.479
1.469
1.412
1.252
1.424
1.269
1.422
1.369
1.336
1.576
1.489
1.495
1.616
1.340
1.401
1.697
1.499
1.241
1.432
1.590
1.392
1.461
1.341
1.244
1.233
1.362
1.385
1.378
1.259
1.262
1.229
1.223
1.408
1.609
1.346
1.397
1.374
1.227
1.235
1.382
1.260
1.493
1.385
1.278
1.387
1.246
1.235
1.258
1.570
1.434
1.448
1.429
1.381
1.504
1.284
1.596
1.390
1.296
1.486
1.363
1.403
1.442
1.567
1.250
1.602
1.372
1.225
1.396
1.556
1.499
1.468
1.496
1.406
1.227
1.226
1.680
1.248
1.447
1.446
1.372
1.243
1.272
1.292
1.576
1.349
1.401
1.227
1.342
1.220
1.641
1.445
1.435
1.374
1.395
1.228
1.416
1.586
1.336
1.264
1.505
1.402
1.276
1.253
1.463
1.364
1.528
1.578
1.459
1.520
1.547
1.618
1.415
1.476
1.238
1.400
1.236
1.406
1.399
1.384
1.595
1.241
1.246
1.441
1.271
1.403
1.373
1.512
1.426
1.241
1.271
1.265
1.549
1.247
1.401
1.400
1.237
1.502
1.401
1.279
1.496
1.516
1.410
1.245
1.397
1.258
1.352
1.292
1.282
1.592
1.338
1.434
1.406
1.427
1.250
1.398
1.379
1.415
1.311
1.249
1.559
1.450
1.549
1.255
1.418
1.251
1.302
1.536
1.452
1.263
1.478
1.486
1.248
1.372
1.479
1.279
1.274
1.519
1.235
1.237
1.590
1.478
1.245
1.282
1.257
1.234
1.243
1.258
1.448
1.253
1.449
1.335
1.243
1.372
1.255
1.456
1.290
1.254
1.386
1.427
1.313
1.349
1.666
1.356
1.436
1.344
1.255
1.234
1.401
1.301
1.490
1.329
1.511
1.534
1.490
1.428
1.565
1.686
1.643
1.498
1.729
1.704
1.359
1.454
1.504
1.508
1.197
1.194
1.395
1.446
1.513
1.454
1.297
1.222
1.224
1.224
1.276
1.374
1.503
1.431
1.380
1.225
1.213
1.539
1.377
1.500
1.274
1.436
1.456
1.293
1.279
1.257
1.413
1.513
1.481
1.428
1.391
1.635
1.353
1.401
1.575
1.241
1.237
1.245
1.442
1.435
1.243
1.407
1.397
1.395
1.239
1.277
1.396
1.372
1.404
1.247
1.493
1.241
1.286
1.277
1.257
1.298
1.255
1.248
1.526
1.274
1.298
1.252
1.400
1.424
1.255
1.272
1.267
1.572
1.327
1.315
1.275
1.500
1.255
1.409
1.408
1.415
1.731
1.475
1.276
1.420
1.267
1.287
1.247
1.413
1.241
1.229
1.211
1.383
1.531
1.330
1.421
1.329
1.254
1.236
1.275
1.519
1.361
1.249
1.475
1.468
1.484
1.248
1.578
1.486
1.464
1.263
1.307
1.473
1.274
1.582
1.252
1.355
1.430
1.231
1.239
1.254
1.456
1.391
1.270
1.334
1.243
1.227
1.244
1.284
1.428
1.446
1.378
1.241
1.425
1.389
1.279
1.470
1.235
1.315
1.426
1.357
1.446
1.401
1.502
1.452
1.269
1.241
1.239
1.379
1.465
1.431
1.442
1.338
1.430
1.442
1.239
1.351
1.457
1.259
1.264
1.210
1.215
1.488
1.269
1.274
1.228
1.265
1.648
1.353
1.306
1.294
1.306
1.255
1.278
1.260
1.386
1.235
1.250
1.525
1.401
1.459
1.345
1.220
1.221
1.516
1.887
1.237
1.563
1.468
1.426
1.331
1.328
1.469
1.337
1.473
1.514
1.245
1.414
1.299
1.566
1.437
1.397
1.387
1.219
1.230
1.758
1.460
1.328
1.638
1.247
1.384
1.259
1.708
1.530
1.254
1.387
1.246
1.372
1.244
1.537
1.435
1.393
1.247
1.396
1.356
1.349
1.521
1.455
1.550
1.434
1.367
1.210
1.374
1.456
1.522
1.377
1.494
1.237
1.227
1.487
1.419
1.472
1.258
1.354
1.369
1.236
1.633
1.555
1.533
1.331
1.324
1.324
1.225
1.244
1.590
1.279
1.272
1.583
1.422
1.464
1.269
1.363
1.425
1.443
1.413
1.248
1.476
1.398
1.291
1.503
1.282
1.269
1.487
1.388
1.270
1.656
1.507
1.577
1.251
1.508
1.440
1.533
1.509
1.249
1.543
1.419
1.368
1.234
1.405
1.553
1.262
1.380
1.455
1.256
1.390
1.622
1.420
1.575
1.383
1.249
1.263
1.437
1.583
1.361
1.287
1.399
1.252
1.285
1.264
1.296
1.507
1.448
1.262
1.511
1.257
1.525
1.409
1.376
1.276
1.442
1.283
1.250
1.504
1.538
1.254
1.432
1.426
1.251
1.249
1.259
1.510
1.259
1.277
1.510
1.472
1.480
1.417
1.426
1.432
1.629
1.394
1.245
1.252
1.353
1.705
1.256
1.283
1.395
1.242
1.253
1.267
1.550
1.507
1.261
1.393
1.502
1.356
1.360
1.400
1.475
1.271
1.465
1.225
1.232
1.253
1.468
1.326
1.603
1.318
1.240
1.230
1.250
1.425
1.362
1.349
1.369
1.254
1.256
1.444
1.606
1.258
1.462
1.268
1.263
1.492
1.670
1.750
1.261
1.289
1.246
1.244
1.250
1.273
1.503
1.460
1.293
1.404
1.259
1.247
1.273
1.481
1.355
1.275
1.354
1.398
1.257
1.402
1.329
1.395
1.275
1.480
1.420
1.254
1.260
1.311
1.465
1.284
1.351
1.412
1.236
1.251
1.562
1.382
1.560
1.431
1.237
1.397
1.260
1.495
1.378
1.356
1.478
1.256
1.419
1.334
1.468
1.262
1.472
1.405
1.245
1.477
1.264
1.501
1.372
1.451
1.315
1.471
1.479
1.557
1.667
1.251
1.329
1.254
1.399
1.498
1.316
1.503
1.249
1.526
1.255
1.249
1.499
1.502
1.551
1.379
1.480
1.430
1.261
1.243
2.101
1.255
1.283
1.534
1.386
1.246
1.318
1.470
1.357
1.253
1.333
1.243
1.228
1.231
1.569
1.379
1.252
1.401
1.408
1.324
1.445
1.422
1.443
1.472
1.421
1.222
1.207
1.416
1.571
1.249
1.224
1.496
1.234
1.208
1.215
1.422
1.524
1.341
1.352
1.410
1.436
1.223
1.335
1.437
1.229
1.433
1.233
1.219
1.218
1.500
1.433
1.226
1.271
1.429
1.342
1.329
1.248
1.481
1.380
1.555
1.437
1.226
1.230
1.265
1.463
1.545
1.593
1.218
1.245
1.246
1.260
1.292
1.240
1.269
1.368
1.507
1.225
1.241
1.713
1.378
1.522
1.389
1.386
1.446
1.261
1.294
1.221
1.352
1.217
1.299
1.249
1.240
1.413
1.296
1.262
1.405
1.221
1.197
1.402
1.508
1.495
1.236
1.441
1.456
1.206
1.227
1.480
1.331
1.366
1.374
1.239
1.423
1.432
1.547
1.394
1.423
1.351
1.404
1.201
1.324
1.561
1.368
1.243
1.493
1.457
1.355
1.485
1.484
1.435
1.271
1.541
1.362
1.219
1.221
1.443
1.511
1.520
1.381
1.410
1.213
1.373
1.431
1.406
1.553
1.389
1.229
1.239
1.231
1.604
1.486
1.531
1.343
1.238
1.404
1.469
1.473
1.432
1.515
1.332
1.237
1.234
1.243
1.562
1.377
1.270
1.388
1.447
1.253
1.252
1.578
1.391
1.409
1.218
1.401
1.388
1.225
1.513
1.455
1.246
1.603
1.221
1.253
1.329
1.461
1.537
1.452
1.378
1.466
1.367
1.595
1.406
1.358
1.359
1.325
1.411
1.380
1.259
1.365
1.294
1.751
1.339
1.336
1.481
1.536
1.443
1.252
1.432
1.246
1.388
1.463
1.282
1.489
1.371
1.435
1.381
1.206
1.475
1.276
1.337
1.360
1.339
1.373
1.216
1.419
1.389
1.585
1.330
1.299
1.250
1.476
1.231
1.388
1.583
1.422
1.660
1.362
1.223
1.221
1.459
1.296
1.238
1.274
1.240
1.245
1.220
1.472
1.408
1.379
1.258
1.352
1.350
1.368
1.221
1.782
1.334
1.745
1.390
1.502
1.336
1.663
1.474
1.228
1.276
1.429
1.368
1.225
1.508
1.588
1.381
1.522
1.244
1.219
1.221
1.504
1.376
1.312
1.453
1.250
1.437
1.228
1.279
1.399
1.440
1.266
1.366
1.240
1.593
1.367
1.687
1.531
1.608
1.227
1.331
1.368
1.456
1.485
1.645
1.673
1.678
1.297
1.267
1.353
1.324
1.317
1.421
1.496
1.430
1.265
1.464
1.256
1.541
1.334
1.408
1.237
1.484
1.395
1.388
1.360
1.449
1.510
1.434
1.453
1.537
1.234
1.347
1.218
1.241
1.226
1.247
1.599
1.334
1.564
1.455
1.438
1.377
1.412
1.488
1.429
1.271
1.417
1.247
1.493
1.273
1.571
1.516
1.582
1.219
1.197
1.426
1.460
1.353
1.348
1.529
1.374
1.370
1.239
1.273
1.484
1.249
1.411
1.239
1.376
1.222
1.424
1.468
1.218
1.290
1.338
1.404
1.362
1.408
1.443
1.342
1.541
1.467
1.213
1.217
1.500
1.829
1.328
1.474
1.231
1.215
1.225
1.642
1.428
1.475
1.643
1.236
1.241
1.518
1.288
1.607
1.265
1.459
1.253
1.236
1.417
1.438
1.506
1.527
1.405
1.478
1.242
1.261
1.464
1.329
1.751
1.389
1.342
1.200
1.659
1.701
1.381
1.533
1.475
1.427
1.250
1.598
1.389
1.262
1.500
1.432
1.512
1.438
1.446
1.502
1.258
1.311
1.205
1.195
1.213
1.268
1.439
1.348
1.273
1.244
1.223
1.253
1.270
1.450
1.390
1.288
1.245
1.409
1.249
1.275
1.442
1.426
1.448
1.257
1.263
1.262
1.530
1.447
1.492
1.548
1.438
1.504
1.240
1.264
1.641
1.442
1.303
1.228
1.245
1.233
1.276
1.451
1.244
1.267
1.489
1.368
1.509
1.256
1.554
1.239
1.397
1.457
1.236
1.357
1.438
1.583
1.270
1.265
1.410
1.251
1.251
1.265
1.370
1.666
1.261
1.414
1.237
1.237
1.242
1.622
1.425
1.398
1.503
1.456
1.505
1.400
1.414
1.442
1.373
1.364
1.232
1.613
1.519
1.560
1.399
1.710
1.278
1.433
1.318
1.434
1.339
1.501
1.465
1.244
1.389
1.450
1.446
1.446
1.456
1.449
1.388
1.416
1.410
1.394
1.490
1.543
1.331
1.242
1.255
1.299
1.373
1.397
1.554
1.296
1.322
1.247
1.394
1.453
1.347
1.754
1.346
1.243
1.252
1.284
1.624
1.348
1.419
1.281
1.504
1.256
1.273
1.715
1.318
1.284
1.247
1.410
1.246
1.434
1.544
1.374
1.288
1.369
1.510
1.254
1.496
1.398
1.420
1.276
1.260
1.256
1.430
1.266
1.293
1.509
1.283
1.394
1.251
1.246
1.532
1.287
1.404
1.333
1.403
1.274
1.252
1.538
1.449
1.494
1.479
1.502
1.249
1.259
1.275
1.529
1.433
1.309
1.253
1.251
1.245
1.413
1.752
1.429
1.411
1.368
1.250
1.258
1.404
1.550
1.257
1.281
1.360
1.454
1.381
1.278
1.285
1.259
1.619
1.374
1.419
1.237
1.268
1.407
1.511
1.269
1.240
1.250
1.249
1.439
1.637
1.503
1.281
1.337
1.240
1.329
1.435
1.332
1.343
1.273
1.255
1.247
1.249
1.257
1.543
1.248
1.270
1.451
1.435
1.237
1.254
1.404
1.337
1.268
1.595
1.508
1.322
1.403
1.442
1.307
1.271
1.535
1.240
1.232
1.245
1.531
1.447
1.259
1.364
1.528
1.241
1.249
1.389
1.534
1.487
1.437
1.242
1.235
1.275
1.444
1.484
1.260
1.456
1.243
1.242
1.239
1.369
1.466
1.272
1.486
1.515
1.246
1.438
1.476
1.448
1.271
1.432
1.441
1.255
1.444
1.430
1.666
1.427
1.273
1.344
1.263
1.275
1.480
1.527
1.537
1.422
1.509
1.242
1.251
1.378
1.440
1.263
1.289
1.248
1.258
1.427
1.682
1.353
1.264
1.500
1.235
1.445
1.397
1.511
1.246
1.424
1.535
1.248
1.413
1.262
1.433
1.498
1.470
1.436
1.244
1.249
1.398
1.402
1.453
1.284
1.290
1.261
1.256
1.469
1.584
1.499
1.534
1.254
1.421
1.387
1.290
1.452
1.254
1.284
1.507
1.453
1.511
1.459
1.286
1.251
1.467
1.253
1.394
1.377
1.298
1.288
1.446
1.326
1.250
1.434
1.270
1.426
1.499
1.523
1.426
1.322
1.248
1.249
1.301
1.387
1.377
1.285
1.419
1.246
1.391
1.273
1.608
1.255
1.470
1.257
1.243
1.389
1.270
1.352
1.373
1.273
1.505
1.384
1.422
1.415
1.635
1.419
1.276
1.280
1.503
1.250
1.303
1.297
1.242
1.430
1.243
1.386
1.403
1.268
1.306
1.265
1.538
1.430
1.437
1.246
1.274
1.410
1.353
1.479
1.309
1.235
1.227
1.245
1.280
1.467
1.458
1.402
1.487
1.239
1.504
1.361
1.453
1.283
1.635
1.399
1.250
1.263
1.508
1.355
1.440
1.264
1.240
1.392
1.268
1.373
1.443
1.275
1.377
1.244
1.385
1.398
1.496
1.420
1.440
1.435
1.405
1.506
1.536
1.636
1.243
1.438
1.318
1.233
1.233
1.262
1.508
1.248
1.286
1.275
1.250
1.392
1.258
1.638
1.448
1.271
1.397
1.291
1.245
1.255
1.396
1.501
1.445
1.448
1.461
1.522
1.284
1.704
1.475
1.619
1.509
1.249
1.253
1.279
1.381
1.484
1.543
1.257
1.425
1.430
1.286
1.288
1.550
1.411
1.452
1.252
1.328
1.527
1.525
1.403
1.320
1.419
1.421
1.518
1.423
1.465
1.486
1.324
1.486
1.360
1.268
1.342
1.377
1.565
1.307
1.254
1.240
1.435
1.502
1.367
1.268
1.322
1.442
1.240
1.343
1.389
1.364
1.456
1.404
1.250
1.248
1.529
1.886
1.251
1.444
1.455
1.406
1.258
1.276
1.381
1.248
1.365
1.361
1.251
1.255
1.408
1.559
1.251
1.289
1.389
1.345
1.314
1.364
1.423
1.378
1.266
1.263
1.249
1.410
1.334
1.514
1.390
1.526
1.483
1.245
1.495
1.464
1.394
1.416
1.810
1.413
1.253
1.245
1.522
1.661
1.327
1.478
1.389
1.250
1.364
1.340
1.497
1.272
1.381
1.243
1.532
1.263
1.618
1.387
1.426
1.492
1.418
1.264
1.257
1.292
1.378
1.424
1.357
1.410
1.383
1.257
1.294
1.467
1.523
1.454
1.324
1.297
1.259
1.682
1.383
1.451
1.352
1.253
1.261
1.418
1.464
1.465
1.259
1.380
1.504
1.236
1.466
1.777
1.369
1.300
1.443
1.238
1.237
1.482
1.780
1.230
1.269
1.280
1.348
1.411
1.289
1.565
1.367
1.272
1.307
1.416
1.226
1.401
1.278
1.517
1.254
1.539
1.447
1.234
1.444
1.424
1.368
1.284
1.482
1.253
1.248
1.252
1.606
1.439
1.521
1.410
1.281
1.394
1.270
1.438
1.407
1.280
1.388
1.255
1.254
1.275
1.377
1.574
1.274
1.576
1.257
1.346
1.271
1.482
1.399
1.415
1.402
1.425
1.439
1.441
1.494
1.323
1.518
1.260
1.245
1.369
1.265
1.693
1.259
1.798
1.342
1.317
1.273
1.445
1.479
1.350
1.424
1.404
1.437
1.440
1.739
1.301
1.409
1.451
1.419
1.251
1.416
1.291
1.391
1.444
1.467
1.254
1.262
1.439
1.707
1.384
1.281
1.410
1.257
1.476
1.263
1.544
1.434
1.428
1.329
1.481
1.497
1.277
1.528
1.397
1.361
1.398
1.251
1.384
1.267
1.544
1.388
1.440
1.273
1.259
1.246
1.574
1.448
1.425
1.425
1.483
1.446
1.227
1.269
1.341
1.241
1.557
1.371
1.242
1.239
1.269
1.476
1.421
1.264
1.419
1.518
1.456
1.265
1.642
1.444
1.576
1.405
1.356
1.214
1.439
1.542
1.239
1.377
1.362
1.252
1.220
1.409
1.473
1.431
1.403
1.469
1.230
1.220
1.399
1.555
1.535
1.696
1.222
1.359
1.225
1.623
1.432
1.514
1.445
1.460
1.216
1.274
1.575
1.337
1.286
1.263
1.393
1.313
1.392
1.429
1.362
1.457
1.343
1.372
1.414
1.248
1.434
1.339
1.450
1.493
1.385
1.395
1.348
1.605
1.523
1.463
1.375
1.324
1.466
1.540
1.274
1.232
1.501
1.338
1.508
1.244
1.530
1.472
1.582
1.506
1.250
1.226
1.420
1.609
1.466
1.353
1.490
1.445
1.223
1.225
1.275
1.354
1.414
1.275
1.217
1.224
1.214
1.458
1.466
1.483
1.376
1.472
1.377
1.219
1.461
1.358
1.238
1.450
1.235
1.455
1.271
1.266
1.271
1.299
1.332
1.295
1.418
1.395
1.663
1.370
1.241
1.262
1.507
1.384
1.227
1.388
1.426
1.418
1.423
1.469
1.263
1.255
1.271
1.386
1.501
1.416
1.389
1.251
1.249
1.270
1.427
1.424
1.482
1.515
1.350
1.246
1.274
1.736
1.292
1.289
1.642
1.520
1.471
1.462
1.525
1.254
1.511
1.249
1.254
1.456
1.431
1.400
1.497
1.461
1.250
1.506
1.253
1.304
1.275
1.252
1.615
1.250
1.401
1.250
1.909
1.436
1.263
1.522
1.435
1.382
1.446
1.661
1.334
1.277
1.483
1.253
1.251
1.552
1.391
1.251
1.278
1.514
1.253
1.250
1.508
1.420
1.371
1.572
1.464
1.257
1.242
1.263
1.492
1.432
1.267
1.487
1.497
1.260
1.267
1.561
1.247
1.403
1.433
1.397
1.343
1.277
1.493
1.510
1.286
1.448
1.263
1.420
1.674
1.555
1.255
1.358
1.417
1.362
1.248
1.374
1.367
1.379
1.518
1.250
1.247
1.243
1.775
1.470
1.475
1.415
1.244
1.384
1.418
1.450
1.389
1.253
1.586
1.235
1.234
1.243
1.276
1.445
1.246
1.419
1.226
1.257
1.245
1.539
1.446
1.514
1.506
1.239
1.232
1.228
1.267
1.390
1.506
1.279
1.467
1.274
1.250
1.411
1.510
1.256
1.278
1.247
1.248
1.249
1.407
1.488
1.395
1.736
1.353
1.380
1.258
1.262
1.536
1.306
1.274
1.298
1.264
1.262
1.288
1.621
1.369
1.495
1.412
1.390
1.391
1.297
1.521
1.237
1.515
1.236
1.236
1.241
1.483
1.491
1.357
1.375
1.375
1.377
1.235
1.263
1.523
1.243
1.442
1.356
1.237
1.394
1.388
1.764
1.231
1.407
1.432
1.280
1.234
1.402
1.274
1.464
1.407
1.249
1.238
1.238
1.251
1.508
1.254
1.526
1.370
1.382
1.327
1.437
1.505
1.399
1.338
1.248
1.229
1.239
1.433
1.291
1.458
1.248
1.485
1.385
1.224
1.512
1.402
1.540
1.267
1.433
1.233
1.442
1.279
1.591
1.465
1.261
1.617
1.432
1.437
1.625
1.718
1.235
1.340
1.227
1.513
1.331
1.335
1.419
1.230
1.371
1.330
1.240
1.390
1.395
1.416
1.459
1.462
1.424
1.419
1.429
1.433
1.702
1.232
1.440
1.494
1.238
1.401
1.282
1.514
1.276
1.417
1.378
1.292
1.237
1.440
1.402
1.446
1.549
1.244
1.232
1.394
1.417
1.355
1.226
1.478
1.358
1.203
1.199
1.563
1.436
1.476
1.462
1.248
1.399
1.241
1.443
1.290
1.425
1.282
1.243
1.230
1.230
1.460
1.418
1.255
1.276
1.242
1.237
1.243
1.257
1.482
1.282
1.347
1.402
1.437
1.219
1.343
1.503
1.328
1.417
1.381
1.366
1.213
1.213
1.510
1.409
1.494
1.577
1.357
1.381
1.638
1.311
1.491
1.272
1.239
1.221
1.223
1.514
1.402
1.427
1.275
1.245
1.235
1.236
1.222
1.660
1.372
1.460
1.430
1.477
1.237
1.359
1.532
1.400
1.285
1.456
1.481
1.300
1.489
1.359
1.337
1.399
1.391
1.201
1.209
1.314
1.469
1.329
1.498
1.309
1.413
1.438
1.459
1.565
1.465
1.263
1.257
1.430
1.369
1.263
1.760
1.340
1.512
1.445
1.230
1.386
1.275
1.626
1.474
1.511
1.221
1.378
1.223
1.684
1.506
1.618
1.399
1.432
1.295
1.213
1.285
1.623
1.390
1.403
1.254
1.215
1.213
1.445
1.336
1.269
1.426
1.239
1.218
1.231
1.486
1.444
1.484
1.413
1.365
1.219
1.202
1.346
1.463
1.255
1.296
1.248
1.241
1.425
1.272
1.751
1.229
1.286
1.569
1.239
1.237
1.493
1.583
1.392
1.627
1.304
1.579
1.211
1.660
1.492
1.334
1.360
1.473
1.248
1.390
1.385
1.536
1.449
1.365
1.806
1.372
1.537
1.431
1.454
1.279
1.590
1.312
1.225
1.280
1.806
1.322
1.474
1.468
1.400
1.266
1.480
1.510
1.244
1.456
1.224
1.228
1.644
1.513
1.293
1.310
1.299
1.225
1.226
1.509
1.304
1.479
1.418
1.568
1.478
1.228
1.228
1.640
1.428
1.297
1.382
1.383
1.234
1.229
1.592
1.413
1.245
1.310
1.328
1.235
1.250
1.445
1.477
1.243
1.470
1.225
1.225
1.210
1.661
1.408
1.473
1.477
1.206
1.206
1.207
1.368
1.428
1.507
1.285
