0.097021
0.085744
0.100964
0.088969
0.111945
0.101248
0.085211
0.107401
0.099026
0.097998
0.084861
0.101796
0.084427
0.105693
0.094547
0.113349
0.096149
0.096273
0.088858
0.103923
0.101161
0.085593
0.092763
0.094014
0.085222
0.098069
0.097623
0.091636
0.111058
0.105291
0.132427
0.100811
0.100250
0.106590
0.101332
0.106642
0.091312
0.099097
0.095726
0.093942
0.096387
0.103853
0.104112
0.091153
0.121984
0.093967
0.093457
0.099823
0.101949
0.092624
0.084645
0.112247
0.097335
0.100361
0.085273
0.106864
0.098505
0.093710
0.093772
0.082934
0.091508
0.083814
0.105919
0.091138
0.098483
0.095723
0.082718
0.082036
0.093353
0.106749
0.085673
0.085554
0.085735
0.093291
0.086376
0.082676
0.105527
0.094915
0.112446
0.095970
0.108924
0.083342
0.085638
0.122690
0.095323
0.099189
0.094079
0.092170
0.083472
0.085263
0.099993
0.098760
0.099667
0.090421
0.082660
0.109542
0.098363
0.101003
0.082860
0.095112
0.083452
0.081482
0.084336
0.101468
0.097671
0.101914
0.096685
0.095426
0.084056
0.101561
0.101454
0.088197
0.096425
0.087649
0.093505
0.099048
0.081949
0.087683
0.085576
0.097321
0.113584
0.091348
0.096342
0.084043
0.106533
0.091803
0.095988
0.104717
0.096832
0.083950
0.094231
0.104745
0.103063
0.085255
0.090843
0.086239
0.082595
0.083175
0.086998
0.096603
0.083917
0.096889
0.083761
0.094025
0.097436
0.085058
0.091995
0.091255
0.085431
0.089507
0.082292
0.084104
0.084367
0.112281
0.084186
0.088232
0.103560
0.111645
0.084340
0.107616
0.088373
0.084837
0.120168
0.085666
0.084235
0.099639
0.103246
0.099966
0.084030
0.107089
0.084137
0.095605
0.085019
0.087039
0.098672
0.094059
0.087055
0.093673
0.084322
0.082879
0.087488
0.089214
0.086751
0.097680
0.091534
0.083396
0.091639
0.094682
0.100969
0.085497
0.115266
0.090881
0.098127
0.098412
0.094670
0.085718
0.084233
0.088491
0.095071
0.081609
0.093886
0.099799
0.097114
0.082198
0.112960
0.096800
0.081786
0.081597
0.090605
0.113801
0.085671
0.087052
0.101782
0.091534
0.083552
0.085997
0.086107
0.084162
0.083917
0.093916
0.091651
0.081470
0.093116
0.091902
0.084434
0.099628
0.107487
0.083480
0.093674
0.083777
0.103799
0.083908
0.085184
0.099013
0.097081
0.081630
0.094898
0.098203
0.082655
0.096775
0.095254
0.083349
0.082786
0.082022
0.100234
0.087401
0.083182
0.093375
0.085017
0.086101
0.086661
0.100280
0.092631
0.095517
0.086495
0.093871
0.091728
0.085007
0.091621
0.099128
0.084279
0.098760
0.083255
0.082675
0.082239
0.091229
0.096161
0.092623
0.102994
0.097530
0.083972
0.096731
0.086184
0.088130
0.084616
0.087163
0.087253
0.084319
0.093690
0.087073
0.127455
0.081888
0.084446
0.085163
0.080927
0.090728
0.081959
0.107610
0.100671
0.085053
0.086247
0.084191
0.085010
0.082926
0.108953
0.082082
0.082271
0.093399
0.090314
0.096074
0.090048
0.112815
0.098950
0.082630
0.095001
0.083295
0.085221
0.090702
0.108291
0.096223
0.096897
0.098720
0.098075
0.082850
0.097054
0.092519
0.088408
0.088459
0.089193
0.107404
0.083295
0.096816
0.107835
0.096170
0.087701
0.097014
0.094491
0.082406
0.083124
0.087790
0.101481
0.086456
0.101976
0.092993
0.084211
0.082960
0.087420
0.085117
0.094086
0.103550
0.096066
0.083870
0.083267
0.111803
0.094436
0.081660
0.104048
0.086533
0.091635
0.082515
0.103353
0.097302
0.087976
0.086644
0.083443
0.083191
0.082642
0.090696
0.104410
0.095092
0.085471
0.095927
0.141921
0.105671
0.102482
0.083063
0.115601
0.100256
0.095890
0.083817
0.110314
0.109344
0.081887
0.102060
0.094688
0.087272
0.091396
0.086088
0.104829
0.083426
0.109745
0.089878
0.096759
0.084249
0.085658
0.102133
0.087995
0.092083
0.096147
0.090465
0.087802
0.086424
0.099362
0.084276
0.086662
0.092273
0.088629
0.081873
0.084428
0.086745
0.095804
0.083052
0.085658
0.093653
0.097417
0.095772
0.116423
0.093120
0.097964
0.099558
0.083466
0.083086
0.081549
0.092345
0.083881
0.095227
0.115968
0.096807
0.103141
0.083027
0.100845
0.084870
0.096796
0.094058
0.097363
0.089247
0.084139
0.124729
0.094922
0.101262
0.091757
0.093856
0.098027
0.103051
0.102640
0.090081
0.086220
0.097255
0.083945
0.094972
0.085451
0.108108
0.081520
0.085357
0.102256
0.083307
0.081612
0.082217
0.087391
0.082999
0.105853
0.085269
0.088326
0.091556
0.081163
0.086704
0.099326
0.082483
0.095225
0.100407
0.083722
0.083027
0.118269
0.111525
0.102399
0.098473
0.093744
0.083464
0.106199
0.097384
0.088100
0.084098
0.103888
0.083045
0.083150
0.084268
0.087335
0.104461
0.083600
0.102869
0.107521
0.095816
0.097177
0.108091
0.104478
0.094364
0.095411
0.082475
0.082382
0.093743
0.094993
0.110043
0.085359
0.101542
0.080632
0.093212
0.099980
0.086969
0.095320
0.085230
0.085109
0.102020
0.099269
0.093063
0.099585
0.100534
0.116515
0.097936
0.083267
0.088987
0.086729
0.102800
0.093317
0.085156
0.087860
0.091968
0.082809
0.095149
0.093921
0.093124
0.104077
0.102166
0.083114
0.100374
0.083246
0.087062
0.090475
0.084166
0.100367
0.084086
0.092862
0.085683
0.102849
0.099946
0.095945
0.088058
0.082753
0.082524
0.084658
0.099303
0.097309
0.095004
0.085707
0.099755
0.082750
0.082249
0.103310
0.085050
0.084264
0.102411
0.093143
0.084090
0.102025
0.096687
0.106792
0.093216
0.102688
0.105203
0.095369
0.085266
0.104060
0.095900
0.094460
0.095388
0.084586
0.086281
0.094095
0.114160
0.095498
0.096405
0.083888
0.110493
0.082268
0.085607
0.098110
0.098584
0.098966
0.093880
0.083206
0.084987
0.087646
0.102914
0.093590
0.087701
0.100775
0.084882
0.084895
0.088097
0.105302
0.092587
0.095990
0.097581
0.096200
0.098216
0.089347
0.112920
0.099755
0.103472
0.084402
0.096421
0.097410
0.119731
0.100358
0.095089
0.101849
0.084004
0.083832
0.084128
0.136897
0.094544
0.107066
0.100740
0.097322
0.084089
0.113327
0.098515
0.083881
0.100605
0.084938
0.096911
0.095086
0.087154
0.111961
0.094936
0.096785
0.086544
0.097134
0.091430
0.100488
0.094827
0.096573
0.097845
0.094436
0.093752
0.084696
0.100289
0.095654
0.086234
0.111353
0.097712
0.094205
0.096750
0.105553
0.094117
0.086310
0.103281
0.099684
0.084724
0.086160
0.090148
0.086005
0.099547
0.099500
0.085599
0.097476
0.084902
0.087596
0.085645
0.097070
0.094302
0.096545
0.097580
0.089413
0.116487
0.097115
0.089955
0.085804
0.096501
0.094503
0.094750
0.116236
0.102945
0.086618
0.102070
0.084379
0.084146
0.085270
0.105189
0.088420
0.086454
0.085006
0.093515
0.093944
0.086268
0.101910
0.097209
0.109037
0.096588
0.082744
0.083251
0.100934
0.105935
0.095916
0.111084
0.084555
0.086128
0.090494
0.096559
0.090410
0.088414
0.085896
0.100288
0.099973
0.084436
0.107148
0.086901
0.101604
0.091850
0.102990
0.084357
0.101319
0.104492
0.098821
0.096475
0.095839
0.096768
0.096080
0.085492
0.093157
0.097901
0.097816
0.096454
0.095893
0.081657
0.082474
0.115904
0.094478
0.092645
0.103005
0.096952
0.100625
0.083671
0.096767
0.095791
0.086029
0.094685
0.091871
0.089646
0.100750
0.096582
0.096039
0.084149
0.092685
0.096593
0.082953
0.093365
0.093896
0.097650
0.092014
0.100553
0.083459
0.083358
0.091225
0.103915
0.089056
0.092834
0.104956
0.101298
0.082914
0.084350
0.097938
0.090109
0.092611
0.099826
0.083273
0.082564
0.093528
0.122633
0.093819
0.091713
0.090441
0.081236
0.098288
0.083470
0.108843
0.084850
0.093508
0.091133
0.094486
0.094072
0.089415
0.111708
0.096357
0.087305
0.085364
0.084485
0.094497
0.086444
0.102344
0.100840
0.085685
0.086069
0.084656
0.084823
0.094946
0.103767
0.094583
0.094000
0.090670
0.098846
0.094793
0.087112
0.099431
0.101883
0.086362
0.097177
0.097691
0.096843
0.085807
0.115721
0.095335
0.104227
0.085108
0.084830
0.085419
0.103890
0.091114
0.085285
0.091377
0.100918
0.093580
0.084635
0.099565
0.086330
0.097065
0.093933
0.096799
0.084429
0.084726
0.095958
0.102390
0.092956
0.086354
0.102569
0.084484
0.096243
0.096018
0.098589
0.083919
0.096051
0.089904
0.083869
0.083448
0.086175
0.112053
0.101422
0.105704
0.095381
0.084262
0.083781
0.092221
0.097925
0.092393
0.105888
0.095726
0.084405
0.083926
0.096261
0.117041
0.090846
0.097976
0.099671
0.084875
0.093781
0.086521
0.099287
0.084265
0.111701
0.084409
0.084280
0.083889
0.087775
0.097019
0.084968
0.086758
0.093483
0.087783
0.096811
0.106351
0.109401
0.084523
0.102845
0.099977
0.101887
0.089972
0.105325
0.102209
0.096550
0.109094
0.084393
0.084774
0.097191
0.104856
0.102321
0.092769
0.094577
0.084076
0.083998
0.093724
0.120402
0.084903
0.093134
0.096113
0.083564
0.083617
0.090968
0.101862
0.111621
0.085520
0.091551
0.097357
0.083931
0.107954
0.114039
0.097101
0.094964
0.108573
0.094924
0.104055
0.096774
0.094001
0.098142
0.086113
0.097085
0.084250
0.094469
0.097288
0.096830
0.097332
0.108044
0.084218
0.093320
0.093985
0.087402
0.107795
0.101444
0.099716
0.084091
0.094928
0.084872
0.096967
0.091825
0.094718
0.114070
0.103725
0.094074
0.084168
0.087556
0.106707
0.084728
0.104027
0.084884
0.095001
0.093469
0.101536
0.095588
0.095241
0.099442
0.091631
0.084782
0.095172
0.087984
0.100021
0.085519
0.100581
0.085782
0.083874
0.099864
0.099255
0.105911
0.121523
0.101363
0.084401
0.083664
0.085194
0.087602
0.099521
0.107911
0.091410
0.083551
0.084613
0.089447
0.105782
0.092514
0.085731
0.097337
0.091652
0.081210
0.082957
0.087880
0.085115
0.095065
0.095480
0.082627
0.082701
0.082655
0.093758
0.108242
0.083835
0.138300
0.085252
0.083466
0.083769
0.099991
0.084722
0.097530
0.094962
0.084235
0.089237
0.084144
0.103188
0.085509
0.083985
0.086043
0.083363
0.092670
0.095378
0.085768
0.097412
0.088750
0.102222
0.083858
0.082642
0.082563
0.084350
0.097445
0.099029
0.110797
0.096377
0.116238
0.093215
0.103163
0.085794
0.084419
0.097342
0.084306
0.085490
0.093450
0.100169
0.095324
0.084098
0.088663
0.099643
0.084122
0.083651
0.094965
0.094974
0.097969
0.085278
0.100890
0.084118
0.084493
0.085587
0.102547
0.102043
0.086903
0.084723
0.095818
0.096784
0.102333
0.102655
0.093050
0.085999
0.095930
0.084930
0.083827
0.084823
0.098272
0.101731
0.092643
0.104211
0.084510
0.101570
0.091559
0.111418
0.092271
0.085956
0.084848
0.093727
0.083328
0.086366
0.097682
0.098573
0.116430
0.089488
0.084527
0.084263
0.085556
0.119230
0.088949
0.086163
0.093162
0.083896
0.082815
0.084687
0.087469
0.091048
0.102940
0.102693
0.092106
0.083373
0.101249
0.118622
0.083919
0.094713
0.090366
0.099472
0.086066
0.084658
0.091416
0.082610
0.089110
0.086227
0.093865
0.081578
0.085044
0.099782
0.094134
0.084586
0.102533
0.082934
0.083367
0.100585
0.094981
0.092419
0.084572
0.098834
0.094917
0.093359
0.085003
0.091943
0.086074
0.083277
0.087099
0.083981
0.083035
0.093231
0.086034
0.095863
0.102647
0.099702
0.093711
0.086959
0.084986
0.096439
0.098496
0.093635
0.096461
0.084126
0.082473
0.095793
0.099562
0.103166
0.096466
0.095818
0.082468
0.098680
0.096370
0.087123
0.101609
0.083173
0.098711
0.089796
0.095646
0.097593
0.095899
0.107395
0.106479
0.088252
0.084935
0.093232
0.084617
0.097883
0.099987
0.101350
0.106032
0.090072
0.084424
0.104710
0.100100
0.107605
0.087197
0.100672
0.092816
0.084032
0.083994
0.094936
0.101296
0.085852
0.096791
0.091416
0.084642
0.097166
0.094533
0.101598
0.103386
0.110646
0.101627
0.085159
0.095455
0.104356
0.087296
0.108519
0.099136
0.094612
0.094372
0.090576
0.091889
0.085496
0.096815
0.093569
0.084729
0.098300
0.085071
0.118812
0.084061
0.111784
0.085016
0.083382
0.084164
0.086651
0.100463
0.082450
0.090623
0.083699
0.083313
0.082659
0.105958
0.104747
0.099743
0.092199
0.088735
0.083996
0.087058
0.098513
0.105442
0.098594
0.090025
0.089754
0.082363
0.082680
0.085344
0.098371
0.082323
0.096323
0.084507
0.095953
0.081362
0.086219
0.096572
0.097644
0.098514
0.105685
0.092735
0.106123
0.108484
0.092744
0.083232
0.086386
0.085392
0.083711
0.082884
0.084534
0.087960
0.085471
0.084689
0.089553
0.093138
0.095981
0.083653
0.097679
0.102696
0.093756
0.099240
0.082383
0.083250
0.083298
0.112663
0.085513
0.091434
0.087122
0.088494
0.090987
0.090914
0.128843
0.092244
0.095185
0.089420
0.083022
0.094333
0.105608
0.099187
0.091857
0.097610
0.092071
0.092521
0.084480
0.102450
0.097148
0.084847
0.094720
0.096797
0.082977
0.083350
0.091375
0.111236
0.093107
0.112554
0.084290
0.094457
0.096822
0.094294
0.104417
0.095485
0.093132
0.083599
0.083082
0.083557
0.108661
0.102803
0.088709
0.100489
0.084987
0.081615
0.081921
0.084508
0.117059
0.085220
0.096412
0.087265
0.082165
0.091709
0.101292
0.087508
0.084371
0.095594
0.085140
0.098207
0.094394
0.084611
0.099350
0.090220
0.100567
0.097065
0.082813
0.083229
0.097632
0.095335
0.093706
0.112679
0.103944
0.082192
0.102683
0.086075
0.103118
0.095521
0.104524
0.090704
0.082054
0.092829
0.092910
0.112725
0.083898
0.103353
0.083961
0.082400
0.081013
0.093765
0.090873
0.093778
0.085411
0.088650
0.094577
0.083801
0.084667
0.089460
0.084694
0.103059
0.094072
0.091692
0.084211
0.091402
0.092175
0.095767
0.086156
0.096344
0.084851
0.084750
0.096427
0.089701
0.088960
0.098626
0.103281
0.099294
0.084066
0.084212
0.089943
0.084920
0.096677
0.116322
0.085429
0.092612
0.082736
0.103101
0.096033
0.094275
0.087064
0.092858
0.083131
0.083656
0.097483
0.100291
0.094877
0.087472
0.105782
0.082369
0.103884
0.096783
0.105505
0.084709
0.104217
0.095919
0.084163
0.084412
0.110960
0.095652
0.085521
0.086750
0.095074
0.082657
0.103097
0.106266
0.082501
0.101562
0.095767
0.083166
0.083432
0.092631
0.098043
0.100361
0.083925
0.095289
0.082514
0.081521
0.082118
0.087454
0.083961
0.080443
0.086051
0.096890
0.095946
0.093017
0.093551
0.093956
0.101288
0.089125
0.082643
0.080796
0.091680
0.112388
0.091369
0.101360
0.096686
0.087184
0.085395
0.084545
0.096901
0.094288
0.096408
0.112397
0.084359
0.094689
0.093093
0.093606
0.087357
0.088627
0.102293
0.083608
0.098268
0.090147
0.097670
0.096224
0.084454
0.086901
0.084170
0.093520
0.085956
0.098990
0.103135
0.085233
0.086691
0.092128
0.084741
0.101401
0.086681
0.104304
0.084868
0.086992
0.094924
0.084889
0.085591
0.085853
0.087153
0.084473
0.085832
0.085632
0.085041
0.086892
0.084142
0.104536
0.085267
0.086164
0.109656
0.084340
0.096492
0.091456
0.098979
0.096564
0.103352
0.098852
0.084139
0.096456
0.098508
0.108329
0.084987
0.094189
0.093504
0.086090
0.091059
0.094978
0.096486
0.090914
0.100043
0.092832
0.084669
0.082937
0.094343
0.110200
0.092663
0.095856
0.099567
0.083401
0.083661
0.094180
0.093384
0.095148
0.085688
0.101843
0.083988
0.084522
0.086841
0.108366
0.095482
0.095453
0.099111
0.101385
0.101129
0.095947
0.102188
0.084765
0.086564
0.085080
0.094406
0.083779
0.124001
0.091453
0.098687
0.106321
0.084657
0.084544
0.097369
0.087636
0.085436
0.103237
0.101208
0.085415
0.097175
0.087102
0.087417
0.092238
0.097655
0.095411
0.094578
0.101896
0.084571
0.109866
0.098452
0.087299
0.104012
0.093010
0.092449
0.104614
0.111030
0.099828
0.102235
0.110255
0.084071
0.083740
0.092319
0.094254
0.084269
0.106032
0.103137
0.092751
0.084504
0.096678
0.098343
0.101819
0.086366
0.096651
0.096624
0.089856
0.122950
0.091748
0.083850
0.103918
0.084787
0.092017
0.083977
0.086628
0.103976
0.084092
0.099990
0.094160
0.086477
0.091181
0.126421
0.099616
0.084630
0.107517
0.083932
0.083634
0.084083
0.098058
0.095265
0.103305
0.101359
0.084213
0.096167
0.084545
0.087988
0.102282
0.090523
0.108943
0.088262
0.093284
0.090111
0.112017
0.092830
0.084543
0.099126
0.085301
0.084582
0.085152
0.100143
0.090975
0.087990
0.094284
0.083791
0.097686
0.100503
0.103554
0.091018
0.084481
0.098772
0.084253
0.082279
0.095769
0.088043
0.086079
0.110936
0.085991
0.084612
0.086032
0.084974
0.094060
0.100992
0.099369
0.097847
0.097822
0.102569
0.092374
0.087332
0.101159
0.083468
0.087437
0.096190
0.096607
0.091020
0.097428
0.098437
0.102668
0.098980
0.094046
0.083851
0.083655
0.088304
0.095769
0.095818
0.115646
0.090996
0.082124
0.082873
0.097801
0.089135
0.092282
0.098570
0.082276
0.083627
0.083121
0.127200
0.101188
0.084662
0.094979
0.089594
0.083970
0.092524
0.097346
0.095733
0.083737
0.098579
0.099085
0.083563
0.101808
0.095688
0.095832
0.087683
0.102159
0.099339
0.084732
0.085601
0.101645
0.084979
0.084547
0.093130
0.084102
0.100781
0.082889
0.088149
0.095324
0.093762
0.111938
0.086193
0.083300
0.082293
0.104438
0.088864
0.100914
0.101083
0.102682
0.088878
0.082169
0.096401
0.094064
0.098034
0.107879
0.083948
0.086532
0.084236
0.088341
0.109686
0.089387
0.093743
0.099528
0.083775
0.084855
0.112089
0.091454
0.085723
0.092199
0.084084
0.085003
0.103136
0.099821
0.095340
0.085355
0.087333
0.085318
0.096393
0.085067
0.096639
0.095857
0.083820
0.096654
0.097872
0.093905
0.091554
0.092981
0.093744
0.089078
0.109319
0.084963
0.101537
0.084301
0.102320
0.097031
0.084562
0.086003
0.101565
0.084789
0.083935
0.100116
0.100480
0.084168
0.098757
0.095838
0.106104
0.083450
0.103526
0.084530
0.101196
0.094395
0.084187
0.084865
0.083813
0.099438
0.085168
0.096676
0.086895
0.090309
0.093517
0.094051
0.093501
0.090435
0.091723
0.085463
0.093506
0.084464
0.088753
0.085757
0.105026
0.083440
0.096452
0.090890
0.097001
0.098359
0.098952
0.099656
0.083924
0.095689
0.091349
0.083889
0.083167
0.085126
0.098479
0.083781
0.095886
0.098861
0.083089
0.083920
0.084380
0.109485
0.092653
0.085227
0.101882
0.092953
0.106449
0.108138
0.102908
0.092185
0.089139
0.092405
0.094503
0.090948
0.091385
0.085975
0.083717
0.084856
0.086149
0.086978
0.083983
0.082353
0.097346
0.085008
0.082619
0.098291
0.083426
0.082527
0.092302
0.096014
0.097015
0.082478
0.101344
0.094984
0.083205
0.096376
0.087188
0.092641
0.088989
0.087978
0.100414
0.093540
0.109676
0.087143
0.094707
0.102572
0.099224
0.084744
0.099552
0.089785
0.086998
0.089510
0.084854
0.096741
0.084307
0.084857
0.094381
0.086865
0.087625
0.085472
0.086102
0.085341
0.094101
0.084940
0.086547
0.100987
0.097482
0.095069
0.104722
0.098561
0.093438
0.099598
0.095439
0.092147
0.111712
0.097310
0.101006
0.083852
0.117432
0.093885
0.084011
0.097850
0.084173
0.082189
0.082411
0.093224
0.102928
0.087371
0.116471
0.095446
0.083150
0.096748
0.115657
0.095237
0.085147
0.096759
0.101275
0.083878
0.096379
0.088049
0.096020
0.085559
0.090196
0.089139
0.092025
0.083676
0.092920
0.093903
0.082515
0.112748
0.082126
0.083839
0.093970
0.086464
0.098831
0.081847
0.097607
0.092756
0.084028
0.083496
0.085247
0.100470
0.101976
0.093097
0.092703
0.096322
0.082989
0.093153
0.095217
0.081975
0.101044
0.092913
0.096621
0.082799
0.084850
0.101757
0.095482
0.091159
0.084863
0.082113
0.083382
0.096139
0.096872
0.099057
0.094021
0.097710
0.084283
0.084560
0.089354
0.098667
0.097560
0.086558
0.112570
0.094606
0.094612
0.085557
0.104737
0.101252
0.091455
0.099461
0.099678
0.100779
0.087715
0.105786
0.084222
0.095827
0.088687
0.084032
0.084418
0.085637
0.086633
0.092374
0.101726
0.090855
0.097439
0.084497
0.105224
0.104334
0.084484
0.099193
0.112929
0.083985
0.097273
0.106518
0.108767
0.103850
0.112843
0.084838
0.085004
0.103706
0.112809
0.084556
0.098116
0.092857
0.102250
0.084029
0.117164
0.121438
0.083581
0.107168
0.094580
0.096506
0.096195
0.094688
0.106459
0.110625
0.107650
0.101514
0.082890
0.084317
0.111961
0.098176
0.085325
0.098037
0.080953
0.084222
0.090043
0.100218
0.092214
0.097297
0.090414
0.092343
0.096873
0.102581
0.106465
0.083166
0.095726
0.098329
0.093335
0.099788
0.091327
0.101775
0.118431
0.122453
0.096525
0.086854
0.083291
0.105020
0.100545
0.084002
0.093030
0.096023
0.089968
0.083389
0.090521
0.098416
0.096763
0.101135
0.083191
0.083343
0.107624
0.095709
0.097979
0.094600
0.100945
0.084136
0.094707
0.081281
0.102942
0.087503
0.097768
0.095315
0.091467
0.088754
0.083961
0.099375
0.092639
0.097109
0.099934
0.093029
0.098818
0.091358
0.103357
0.084577
0.103142
0.097175
0.084108
0.083318
0.083991
0.087004
0.096804
0.102498
0.087046
0.096222
0.094168
0.096397
0.086874
0.093843
0.083628
0.087201
0.091740
0.083650
0.083842
0.085267
0.103491
0.102255
0.086298
0.101422
0.084856
0.084471
0.095362
0.112272
0.084281
0.098132
0.097518
0.083302
0.092458
0.101283
0.095152
0.093788
0.108305
0.096035
0.108541
0.082952
0.093556
0.093903
0.085909
0.086962
0.083785
0.093303
0.092102
0.098499
0.096867
0.084800
0.102746
0.094668
0.095400
0.095337
0.089254
0.091361
0.084573
0.107530
0.084408
0.084615
0.095167
0.091317
0.085493
0.084471
0.111111
0.099776
0.084246
0.093774
0.100924
0.092535
0.096595
0.118348
0.085190
0.093186
0.082813
0.088090
0.098211
0.083101
0.108724
0.092598
0.094590
0.091759
0.087842
0.093686
0.084152
0.095227
0.083566
0.083102
0.084415
0.087057
0.086635
0.091249
0.086862
0.094893
0.101724
0.083768
0.095368
0.096800
0.082434
0.084748
0.084348
0.083901
0.083065
0.092466
0.122784
0.089271
0.085047
0.088199
0.097932
0.091867
0.089149
0.101535
0.084022
0.090378
0.107312
0.094983
0.081957
0.097467
0.109236
0.102790
0.084835
0.100749
0.098260
0.099285
0.084521
0.093679
0.122974
0.099070
0.093097
0.082610
0.095575
0.102733
0.096202
0.085392
0.095185
0.097946
0.094892
0.085092
0.087570
0.103076
0.100754
0.091013
0.085359
0.094817
0.084855
0.089601
0.086714
0.085263
0.087225
0.084624
0.085286
0.093733
0.107005
0.100253
0.084972
0.102013
0.100038
0.085479
0.093617
0.088990
0.101467
0.085227
0.088037
0.094817
0.097449
0.084038
0.101791
0.095204
0.094355
0.086449
0.094143
0.084510
0.084337
0.085506
0.115394
0.084541
0.112049
0.098218
0.091783
0.097467
0.101419
0.094559
0.083654
0.091109
0.083531
0.093027
0.093151
0.091438
0.088521
0.091352
0.092563
0.088354
0.082270
0.099503
0.085014
0.114888
0.094709
0.119429
0.086102
0.092456
0.098305
0.120800
0.090018
0.083816
0.093728
0.082770
0.082604
0.098544
0.093526
0.090378
0.084057
0.106396
0.107091
0.093416
0.084044
0.108343
0.083842
0.084847
0.097709
0.093111
0.096132
0.083967
0.095195
0.093535
0.083568
0.103604
0.096557
0.095174
0.096482
0.088202
0.090499
0.107440
0.094794
0.097754
0.093185
0.100554
0.113687
0.083881
0.085380
0.102191
0.082664
0.094445
0.088704
0.103743
0.100840
0.100062
0.091052
0.082217
0.092282
0.105586
0.128423
0.083677
0.085900
0.096921
0.082834
0.096208
0.084201
0.088152
0.100316
0.084965
0.101177
0.102326
0.094597
0.090798
0.086003
0.095490
0.086619
0.089476
0.084033
0.089444
0.094173
0.094332
0.092385
0.085004
0.106407
0.081597
0.081956
0.090421
0.097955
0.084053
0.084718
0.085685
0.083690
0.081418
0.082008
0.102346
0.101303
0.082079
0.099208
0.087583
0.085336
0.107050
0.100859
0.094602
0.083587
0.110458
0.084094
0.099928
0.082352
0.096288
0.098640
0.083224
0.086118
0.098094
0.087012
0.107542
0.099980
0.093283
0.082856
0.108376
0.088329
0.084233
0.083253
0.086647
0.085860
0.082276
0.085562
0.084020
0.095500
0.082113
0.084833
0.099432
0.084505
0.089422
0.093733
0.082381
0.082703
0.082404
0.093839
0.093461
0.092310
0.090300
0.096287
0.099807
0.082852
0.107118
0.090073
0.093356
0.102097
0.083806
0.083300
0.100826
0.106896
0.100891
0.121612
0.090506
0.102023
0.085031
0.097433
0.097673
0.096709
0.100030
0.084567
0.100915
0.097699
0.110628
0.090612
0.100428
0.087248
0.102536
0.094930
0.101254
0.126890
0.089410
0.101067
0.107889
0.094937
0.083994
0.084612
0.106500
0.101667
0.085755
0.087782
0.081642
0.082594
0.084008
0.101415
0.084596
0.092738
0.097752
0.083504
0.093694
0.094913
0.102087
0.101792
0.084471
0.099961
0.083802
0.083784
0.086797
0.109105
0.097422
0.095113
0.093218
0.084757
0.091488
0.089733
0.100141
0.098555
0.115876
0.099354
0.084332
0.083293
0.108091
0.098340
0.084423
0.086472
0.085841
0.092560
0.082084
0.096336
0.094831
0.081732
0.084899
0.102184
0.090981
0.087987
0.099753
0.119129
0.095695
0.108815
0.088576
0.082621
0.082476
0.100106
0.110857
0.082094
0.084453
0.093929
0.081833
0.082825
0.084316
0.102658
0.094181
0.101943
0.085513
0.089134
0.091547
0.090481
0.113529
0.083496
0.109751
0.096066
0.081856
0.105707
0.085377
0.091502
0.102041
0.093230
0.087061
0.082780
0.083015
0.083024
0.099975
0.099698
0.085031
0.105865
0.101238
0.087690
0.101603
0.114714
0.083345
0.107612
0.095135
0.099862
0.100946
0.122116
0.093878
0.102569
0.114922
0.083393
0.083348
0.111289
0.103410
0.102559
0.085855
0.108992
0.083075
0.083226
0.083756
0.097995
0.098153
0.094250
0.101655
0.081990
0.102544
0.084381
0.086418
0.098011
0.101106
0.094310
0.101162
0.103163
0.094180
0.103408
0.097648
0.086102
0.103902
0.094629
0.096027
0.086635
0.087783
0.083496
0.101208
0.096028
0.097143
0.089344
0.085292
0.109511
0.093543
0.102430
0.094642
0.098924
0.083655
0.112205
0.092092
0.084266
0.108166
0.083524
0.084041
0.092402
0.100147
0.085518
0.102147
0.102067
0.095059
0.094535
0.083505
0.088139
0.090017
0.084536
0.087485
0.093961
0.083102
0.082061
0.106121
0.089721
0.100727
0.093012
0.091355
0.091155
0.082611
0.093222
0.095178
0.092296
0.103915
0.093144
0.082889
0.096330
0.098769
0.103557
0.085397
0.092777
0.103845
0.103348
0.097634
0.088076
0.094473
0.083004
0.086744
0.084847
0.084709
0.094840
0.086747
0.095224
0.101106
0.099173
0.100315
0.084876
0.098423
0.114554
0.091248
0.102820
0.098573
0.083985
0.083800
0.100061
0.096271
0.099493
0.082118
0.087056
0.083199
0.082383
0.083179
0.092570
0.092076
0.090583
0.088046
0.093718
0.096696
0.097204
0.105073
0.106032
0.092577
0.087107
0.101495
0.084261
0.084544
0.100123
0.091215
0.101653
0.087718
0.085302
0.085241
0.097428
0.086875
0.098588
0.096310
0.086895
0.086102
0.114217
0.086014
0.119714
0.097091
0.084337
0.085898
0.084180
0.085368
0.085896
0.086811
0.107518
0.092366
0.097470
0.094700
0.085894
0.101255
0.098082
0.086148
0.084748
0.094653
0.089598
0.093192
0.098997
0.101140
0.089674
0.085013
0.099474
0.090065
0.084641
0.085610
0.089150
0.094476
0.084395
0.097749
0.094817
0.085010
0.085166
0.099760
0.105684
0.096540
0.094320
0.090238
0.101980
0.084816
0.087102
0.098187
0.084832
0.103256
0.086988
0.085054
0.098259
0.098166
0.100897
0.084646
0.108611
0.085417
0.086781
0.082865
0.096964
0.108491
0.110288
0.113854
0.085334
0.092732
0.083701
0.116721
0.083901
0.084145
0.093631
0.099328
0.084562
0.083308
0.124374
0.084933
0.101460
0.098048
0.085018
0.099353
0.087486
0.108865
0.084821
0.085436
0.108384
0.092822
0.084991
0.085771
0.088008
0.093993
0.085431
0.114947
0.084663
0.101345
0.097861
0.112990
0.085728
0.094958
0.100967
0.084224
0.085041
0.086152
0.098839
0.101712
0.111843
0.084969
0.094969
0.093581
0.104251
0.093455
0.095986
0.087480
0.085236
0.085223
0.090590
0.105906
0.098894
0.102193
0.094885
0.096364
0.084287
0.101555
0.086469
0.084842
0.096815
0.086066
0.101714
0.083750
0.083934
0.085313
0.109216
0.090097
0.097675
0.096239
0.097682
0.084309
0.094438
0.098955
0.084437
0.097188
0.089811
0.084496
0.084181
0.088014
0.099012
0.083963
0.085438
0.099972
0.102515
0.084363
0.085746
0.097589
0.084495
0.095260
0.091272
0.085630
0.102366
0.105655
0.103355
0.085009
0.102817
0.099717
0.085592
0.094660
0.095241
0.114463
0.100346
0.093790
0.098736
0.085361
0.095273
0.104369
0.104468
0.085562
0.086773
0.085634
0.085216
0.085387
0.087826
0.087013
0.095902
0.087519
0.085463
0.085455
0.085128
0.102574
0.104744
0.101721
0.103924
0.099862
0.084035
0.083902
0.086265
0.095066
0.100377
0.103202
0.097985
0.092965
0.084121
0.101267
0.085927
0.101195
0.112749
0.083699
0.083759
0.085699
0.094491
0.099413
0.093571
0.099860
0.083921
0.095330
0.096467
0.116574
0.097865
0.084954
0.099195
0.104916
0.083959
0.083824
0.087787
0.094454
0.083902
0.102357
0.092785
0.096497
0.083654
0.113141
0.101132
0.085159
0.093523
0.084396
0.084301
0.083798
0.118499
0.095007
0.084714
0.104709
0.087532
0.093096
0.099881
0.113939
0.098891
0.098223
0.092788
0.084830
0.084030
0.096151
0.110532
0.083536
0.083621
0.085940
0.083634
0.101250
0.088151
0.102373
0.105174
0.084854
0.103089
0.099382
0.082535
0.083485
0.101401
0.096047
0.083961
0.102485
0.081175
0.081092
0.083481
0.087264
0.093300
0.096755
0.089285
0.093446
0.093309
0.104248
0.107403
0.085262
0.095836
0.086584
0.084617
0.100207
0.085588
0.112668
0.097301
0.099101
0.117524
0.082965
0.083937
0.105256
0.096110
0.106990
0.089397
0.092391
0.092038
0.082137
0.096997
0.104172
0.090524
0.109902
0.100373
0.084182
0.096589
0.087074
0.095714
0.082751
0.095842
0.091873
0.081941
0.081234
0.087396
0.106364
0.082232
0.085804
0.086076
0.082009
0.083101
0.084297
0.102696
0.084792
0.107506
0.085874
0.083251
0.083902
0.084202
0.088589
0.092520
0.100459
0.107102
0.084003
0.084261
0.096750
0.106537
0.084892
0.084660
0.102772
0.082510
0.094634
0.082817
0.106346
0.093128
0.100313
0.095880
0.100403
0.091982
0.083807
0.105343
0.092471
0.094466
0.084611
0.082563
0.083171
0.082548
0.114057
0.094598
0.098744
0.099516
0.102465
0.081800
0.086291
0.099464
0.083507
0.093641
0.096424
0.095898
0.084232
0.096035
0.091334
0.090382
0.130859
0.097285
0.083190
0.084421
0.084463
0.100806
0.084139
0.085147
0.094559
0.095271
0.088429
0.081159
0.118550
0.092830
0.085140
0.100054
0.099661
0.090278
0.083924
0.091401
0.093546
0.093698
0.091747
0.090980
0.107669
0.089382
0.103917
0.101442
0.093422
0.100400
0.098746
0.093573
0.084168
0.089863
0.095344
0.085416
0.100539
0.091407
0.083105
0.083365
0.110061
0.091492
0.103603
0.099935
0.083886
0.083541
0.085450
0.087976
0.084957
0.082905
0.098764
0.084803
0.083843
0.080840
0.095890
0.099899
0.088912
0.101241
0.096042
0.082315
0.083719
0.089525
0.094031
0.090843
0.098779
0.088212
0.093589
0.100686
0.092630
0.095305
0.084305
0.085550
0.095148
0.084370
0.084139
0.096657
0.103972
0.094929
0.107184
0.083412
0.083751
0.084069
0.099035
0.095547
0.094857
0.093960
0.083989
0.083994
0.101198
0.094609
0.087690
0.094268
0.095751
0.102218
0.083644
0.083287
0.085125
0.102182
0.099919
0.086247
0.099336
0.093032
0.084339
0.085016
0.094200
0.092413
0.094524
0.092973
0.084437
0.093107
0.084812
0.092548
0.101702
0.110753
0.093072
0.094885
0.086191
0.085066
0.095600
0.090327
0.094995
0.099179
0.093926
0.084585
0.084715
0.087502
0.083947
0.084599
0.085654
0.083100
0.084040
0.093667
0.085861
0.097016
0.093641
0.085510
0.094403
0.094419
0.084435
0.085576
0.101886
0.092744
0.098255
0.096285
0.083519
0.084222
0.096847
0.097411
0.098010
0.086163
0.091090
0.092224
0.101398
0.095003
0.110127
0.092318
0.116457
0.083589
0.083942
0.083691
0.100104
0.117295
0.084153
0.086515
0.084446
0.093513
0.091644
0.092004
0.097776
0.097896
0.091711
0.084223
0.084290
0.096345
0.085398
0.091381
0.083904
0.085847
0.099053
0.101421
0.097782
0.088519
0.096112
0.091299
0.085364
0.097122
0.084559
0.085238
0.085566
0.098925
0.092425
0.085955
0.103022
0.093245
0.082347
0.096459
0.110633
0.090962
0.085012
0.084333
0.080847
0.090223
0.082771
0.086811
0.091027
0.093255
0.109240
0.099693
0.082850
0.083633
0.086879
0.085487
0.094537
0.117599
0.094954
0.083081
0.081617
0.106444
0.099259
0.083871
0.116886
0.091703
0.095675
0.081864
0.103558
0.101821
0.102210
0.091744
0.090924
0.089688
0.083280
0.110101
0.099859
0.086764
0.098110
0.081203
0.083211
0.094298
0.101512
0.106555
0.084214
0.089696
0.083878
0.083997
0.083698
0.109149
0.091836
0.090773
0.102881
0.102395
0.102080
0.098492
0.097877
0.101006
0.087256
0.099546
0.095124
0.097253
0.087848
0.103860
0.091453
0.119091
0.098227
0.082948
0.083387
0.091719
0.096304
0.095585
0.086315
0.085013
0.083072
0.081710
0.095092
0.095665
0.091086
0.085557
0.085416
0.096438
0.084301
0.095529
0.088983
0.096081
0.089209
0.102175
0.082675
0.094919
0.094486
0.096678
0.101678
0.093804
0.086326
0.096948
0.084353
0.084675
0.098602
0.096521
0.100570
0.093476
0.084400
0.084591
0.083559
0.102722
0.095158
0.103594
0.101849
0.088255
0.082014
0.091618
0.098364
0.095868
0.099919
0.099711
0.096352
0.095674
0.095795
0.093480
0.093524
0.090293
0.088248
0.082171
0.083852
0.089832
0.117298
0.082192
0.119610
0.089767
0.082034
0.082621
0.106675
0.113618
0.101512
0.087549
0.100289
0.101673
0.083557
0.096001
0.108331
0.102236
0.103298
0.091772
0.088210
0.105332
0.096157
0.101219
0.114089
0.093314
0.083988
0.082888
0.083791
0.099633
0.099804
0.107783
0.103938
0.100841
0.083378
0.091118
0.097169
0.096159
0.115034
0.088837
0.099726
0.095318
0.111202
0.104123
0.101517
0.086113
0.081777
0.092669
0.082745
0.086107
0.098514
0.085024
0.088037
0.091054
0.083863
0.102352
0.120040
0.109647
0.090684
0.098793
0.083907
0.100195
0.083548
0.088030
0.098604
0.106518
0.107009
0.095674
0.095102
0.082175
0.110913
0.105345
0.084603
0.098192
0.084012
0.091426
0.097703
0.093193
0.098180
0.084884
0.088812
0.083357
0.083909
0.083787
0.089575
0.088997
0.091721
0.106571
0.097559
0.091805
0.089686
0.104817
0.090639
0.083641
0.097078
0.092939
0.083919
0.098435
0.098831
0.085007
0.083881
0.100538
0.096634
0.095639
0.083032
0.109678
0.099401
0.083136
0.092825
0.083300
0.083028
0.082868
0.108599
0.094743
0.098085
0.094828
0.082942
0.091891
0.081571
0.097831
0.086308
0.093372
0.091456
0.090869
0.082170
0.085000
0.102326
0.093370
0.085132
0.096085
0.090000
0.095996
0.082848
0.112347
0.092329
0.096754
0.122614
0.083260
0.083682
0.106872
0.088013
0.102059
0.099845
0.085373
0.092489
0.088815
0.104482
0.109696
0.093638
0.093926
0.090928
0.092212
0.082022
0.083875
0.099839
0.101487
0.084998
0.100148
0.103375
0.093204
0.094066
0.098712
0.095741
0.091656
0.097148
0.091417
0.082854
0.084925
0.109460
0.085390
0.109274
0.088186
0.080547
0.082167
0.094199
0.107880
0.093729
0.084524
0.086367
0.098484
0.082925
0.091152
0.102354
0.096400
0.084369
0.095484
0.101490
0.082950
0.096703
0.097764
0.100320
0.099419
0.097345
0.109719
0.084307
0.085857
0.104135
0.094218
0.084652
0.094024
0.082961
0.081341
0.106527
0.112546
0.083512
0.085231
0.100861
0.084271
0.081724
0.096668
0.120786
0.089394
0.095328
0.095314
0.095010
0.083145
0.102965
0.100884
0.084003
0.088801
0.099061
0.084383
0.097348
0.110817
0.087957
0.091550
0.108661
0.084181
0.091665
0.085463
0.086680
0.096596
0.099015
0.086455
0.085108
0.101098
0.108204
0.087537
0.112185
0.085284
0.097830
0.097031
0.084669
0.103528
0.087098
0.085000
0.091035
0.088953
0.083477
0.084093
0.096166
0.096572
0.098881
0.084130
0.091678
0.099392
0.096554
0.084178
0.096263
0.090100
0.099760
0.085768
0.093317
0.083806
0.083429
0.096368
0.096990
0.092716
0.092667
0.091276
0.083870
0.084656
0.094807
0.104723
0.103267
0.093499
0.090842
0.091744
0.091897
0.085583
0.088778
0.099470
0.095988
0.089388
0.086218
0.084859
0.097984
0.102669
0.096075
0.103631
0.097745
0.084350
0.091378
0.102684
0.098252
0.091946
0.099381
0.089443
0.106350
0.094598
0.104166
0.095298
0.084444
0.107279
0.103660
0.082826
0.084583
0.115196
0.107823
0.086908
0.085625
0.089235
0.103995
0.082578
0.093127
0.101870
0.092391
0.113419
0.096405
0.083703
0.095852
0.099668
0.105055
0.099532
0.092719
0.101433
0.102062
0.099472
0.087339
0.099082
0.102701
0.098774
0.085388
0.084933
0.122136
0.088115
0.097054
0.086535
0.084292
0.084694
0.084924
0.107882
0.089405
0.096872
0.087135
0.085142
0.084413
0.090469
0.099344
0.111360
0.085275
0.103098
0.085046
0.084895
0.102300
0.104195
0.086228
0.089178
0.100707
0.092795
0.084713
0.086707
0.105664
0.102554
0.100690
0.098106
0.084570
0.085130
0.086340
0.094870
0.099584
0.100398
0.104840
0.099520
0.084428
0.087977
0.093296
0.092263
0.086165
0.099298
0.097323
0.100976
0.087172
0.091498
0.108807
0.084911
0.095033
0.096680
0.093795
0.096804
0.101921
0.090680
0.085152
0.097604
0.083785
0.098025
0.099066
0.100600
0.083550
0.084436
0.099909
0.083775
0.082839
0.085929
0.087402
0.096013
0.105009
0.097956
0.104978
0.082120
0.095413
0.095588
0.101381
0.093962
0.103140
0.082173
0.083319
0.087246
0.091433
0.085369
0.085800
0.086273
0.085266
0.091342
0.091124
0.110691
0.106703
0.083483
0.103335
0.094218
0.082993
0.087041
0.101127
0.089734
0.083719
0.108164
0.083681
0.084675
0.098735
0.107421
0.093077
0.087755
0.095405
0.112672
0.082937
0.086606
0.115134
0.084830
0.097114
0.095108
0.101831
0.083782
0.109126
0.113796
0.097485
0.086691
0.082644
0.096510
0.099487
0.103005
0.097864
0.096757
0.111397
0.084675
0.084286
0.088135
0.098527
0.085529
0.091954
0.094128
0.085426
0.084775
0.086796
0.096271
0.098916
0.084876
0.103125
0.083758
0.084337
0.085078
0.104676
0.112613
0.083878
0.095953
0.096830
0.095763
0.093767
0.101064
0.090281
0.103060
0.085422
0.096242
0.096020
0.086817
0.114215
0.098063
0.100885
0.110079
0.084078
0.083498
0.094157
0.091442
0.105528
0.103571
0.083342
0.081900
0.081581
0.084620
0.096646
0.108759
0.085341
0.098879
0.084452
0.093999
0.094679
0.092959
0.090534
0.084885
0.098896
0.093711
0.083866
0.084994
0.086886
0.088229
0.084985
0.095713
0.089247
0.084054
0.084823
0.099059
0.108860
0.113013
0.098232
0.101683
0.082948
0.095340
0.095424
0.104145
0.085539
0.096073
0.098595
0.083913
0.104091
0.101473
0.094328
0.084413
0.101880
0.094912
0.083962
0.093408
0.107718
0.102350
0.093072
0.101357
0.097050
0.083975
0.086693
0.100703
0.092227
0.086331
0.115252
0.097919
0.107432
0.087371
0.097592
0.095459
0.087792
0.091315
0.093272
0.083084
0.097882
0.105327
0.084504
0.086421
0.100684
0.083549
0.099845
0.104007
0.102583
0.092162
0.093951
0.093287
0.098485
0.096810
0.103613
0.099739
0.104527
0.097924
0.084461
0.100621
0.086591
0.099526
0.102606
0.102460
0.095314
0.102852
0.084426
0.085295
0.088267
0.084005
0.097097
0.093729
0.101707
0.097700
0.108999
0.102634
0.100322
0.086176
0.089007
0.102191
0.084042
0.100535
0.097605
0.085516
0.099378
0.093686
0.084347
0.084456
0.123609
0.095706
0.095997
0.094855
0.084090
0.084110
0.110265
0.093831
0.098785
0.094035
0.086129
0.091193
0.081873
0.082998
0.104310
0.121621
0.090375
0.101871
0.092880
0.097274
0.097712
0.095117
0.105929
0.082657
0.086574
0.083608
0.083020
0.094968
0.086315
0.086277
0.093523
0.084730
0.083603
0.083884
0.093626
0.085459
0.105444
0.086123
0.099008
0.091460
0.103002
0.084510
0.091412
0.089303
0.086309
0.085774
0.086731
0.086745
0.084970
0.086071
0.095478
0.090007
0.100129
0.109549
0.102754
0.083873
0.085443
0.093128
0.094792
0.085198
0.101186
0.083537
0.098909
0.085115
0.086677
0.101609
0.100288
0.093629
0.084120
0.089783
0.090435
0.125210
0.091029
0.094941
0.095983
0.099849
0.083842
0.101541
0.094304
0.091720
0.100205
0.099739
0.102632
0.084860
0.096038
0.109743
0.106664
0.087448
0.103135
0.084915
0.084882
0.101066
0.094006
0.084212
0.086826
0.093103
0.092245
0.083776
0.101181
0.110061
0.081998
0.085774
0.090006
0.085766
0.092254
0.085311
0.096795
0.084578
0.103962
0.101412
0.084714
0.084535
0.094796
0.086529
0.102008
0.094081
0.108905
0.083190
0.092496
0.094708
0.107162
0.092427
0.104059
0.093668
0.094968
0.084757
0.099647
0.086440
0.084139
0.085933
0.096088
0.098250
0.082148
0.110546
0.086471
0.096318
0.096954
0.084358
0.083299
0.093717
0.117619
0.100994
0.082772
0.099229
0.085045
0.085038
0.085289
0.093238
0.086938
0.090768
0.097862
0.091263
0.084189
0.098517
0.106263
0.112413
0.097545
0.113173
0.082416
0.090454
0.091719
0.091926
0.088283
0.083844
0.106163
0.100620
0.082661
0.102703
0.123743
0.090772
0.088953
0.096807
0.092046
0.083622
0.085103
0.091847
0.086280
0.084271
0.095640
0.083107
0.081961
0.103237
0.099574
0.085808
0.098331
0.096356
0.083531
0.101757
0.085122
0.087060
0.102055
0.094282
0.093809
0.093838
0.082678
0.100552
0.093715
0.099108
0.084474
0.097916
0.095282
0.097786
0.084306
0.097949
0.088579
0.099878
0.102390
0.092739
0.083990
0.099142
0.104547
0.085125
0.111049
0.097827
0.094849
0.097472
0.086046
0.101039
0.103976
0.086148
0.097426
0.099712
0.090244
0.100533
0.098667
0.089599
0.085712
0.097182
0.083787
0.093989
0.085737
0.097086
0.097731
0.085759
0.094431
0.089098
0.084735
0.097898
0.103142
0.092347
0.086119
0.095351
0.096603
0.101259
0.102787
0.096444
0.094672
0.086129
0.097617
0.097552
0.094339
0.096498
0.098726
0.097701
0.103129
0.088171
0.084557
0.084560
0.096108
0.105097
0.096337
0.086363
0.083991
0.085037
0.102398
0.094128
0.093614
0.084831
0.102179
0.083933
0.084758
0.084756
0.086657
0.125075
0.084694
0.092070
0.091109
0.084238
0.085823
0.093789
0.101474
0.083859
0.086017
0.093045
0.084292
0.083919
0.086315
0.103221
0.084400
0.092036
0.089098
0.094022
0.084717
0.112266
0.087071
0.102356
0.091211
0.094369
0.094633
0.093434
0.098102
0.097470
0.084539
0.087163
0.089536
0.096594
0.094819
0.087246
0.104105
0.095063
0.086195
0.084569
0.097534
0.096278
0.103602
0.098872
0.104682
0.112198
0.083520
0.083474
0.087048
0.087078
0.092479
0.083987
0.109154
0.088623
0.092139
0.082778
0.086652
0.086420
0.093471
0.089542
0.094920
0.083186
0.082698
0.129090
0.114442
0.101132
0.086101
0.090602
0.083261
0.090660
0.088348
0.107616
0.093549
0.108257
0.093186
0.115911
0.103341
0.103536
0.096171
0.102489
0.105747
0.100976
0.085216
0.085737
0.090613
0.088050
0.084314
0.092567
0.097072
0.098140
0.086298
0.100025
0.096958
0.096046
0.094905
0.082244
0.094259
0.084637
0.116456
0.104566
0.094267
0.085156
0.083629
0.095450
0.084938
0.107479
0.093765
0.094364
0.103052
0.083366
0.087251
0.085425
0.094191
0.101160
0.097235
0.094197
0.087774
0.096411
0.092948
0.115424
0.101175
0.098373
0.092509
0.083973
0.085033
0.093991
0.095033
0.092017
0.105906
0.093624
0.095316
0.092688
0.086198
0.100326
0.083673
0.094171
0.104263
0.097514
0.097155
0.102006
0.092391
0.099276
0.099129
0.098294
0.082954
0.098198
0.097916
0.095916
0.091248
0.086099
0.092623
0.082865
0.085209
0.088231
0.102969
0.088497
0.096067
0.091464
0.082346
0.087522
0.098241
0.088024
0.093327
0.104977
0.095212
0.092734
0.098874
0.091814
0.097221
0.099093
0.101028
0.091413
0.094676
0.085459
0.098997
0.104113
0.088882
0.093126
0.111675
0.083262
0.102776
0.085584
0.109300
0.083949
0.087360
0.095470
0.082107
0.096517
0.108878
0.090992
0.104462
0.096751
0.095332
0.102773
0.109857
0.099049
0.083861
0.083972
0.095048
0.082810
0.085655
0.091962
0.099051
0.085015
0.093740
0.095548
0.099899
0.084814
0.096127
0.096541
0.098274
0.102827
0.096411
0.102017
0.084214
0.086255
0.087465
0.086593
0.101489
0.089351
0.096982
0.098124
0.084553
0.095720
0.089861
0.083403
0.102416
0.089024
0.083934
0.098470
0.122810
0.099003
0.108029
0.093672
0.081614
0.085512
0.103953
0.100238
0.089371
0.084471
0.084852
0.095239
0.104113
0.085948
0.092104
0.089168
0.084451
0.084898
0.083703
0.085835
0.092264
0.100200
0.102628
0.085062
0.101933
0.095979
0.098029
0.102291
0.092791
0.088960
0.086752
0.109089
0.084003
0.084745
0.098413
0.087265
0.084831
0.083559
0.098678
0.093821
0.084612
0.083512
0.099531
0.096193
0.093828
0.098821
0.084130
0.085309
0.102346
0.097845
0.084565
0.094321
0.099249
0.100560
0.084690
0.096769
0.105675
0.094524
0.091819
0.102553
0.082969
0.095291
0.097632
0.092544
0.097818
0.091160
0.096607
0.102045
0.096208
0.098672
0.095750
0.095040
0.096931
0.097284
0.084005
0.119603
0.086518
0.113478
0.084826
0.116285
0.083919
0.100785
0.094973
0.115428
0.097251
0.085967
0.099209
0.104847
0.099066
0.091490
0.094579
0.098498
0.098157
0.094181
0.084184
0.092720
0.094631
0.092414
0.093711
0.113523
0.084366
0.084042
0.085799
0.095790
0.108580
0.099904
0.106922
0.094958
0.093906
0.102291
0.108997
0.098041
0.085116
0.103852
0.084356
0.100980
0.088047
0.105738
0.085528
0.085555
0.102655
0.084737
0.085178
0.097674
0.092365
0.100481
0.085466
0.098855
0.084071
0.103132
0.084746
0.100466
0.101799
0.096497
0.096862
0.098660
0.085904
0.096592
0.092429
0.088974
0.095775
0.086323
0.096734
0.086153
0.110627
0.101740
0.099542
0.095367
0.096468
0.094027
0.086363
0.107300
0.092679
0.085399
0.096953
0.097477
0.084686
0.094857
0.090397
0.098467
0.097463
0.110582
0.090556
0.084887
0.091583
0.103520
0.101384
0.086061
0.116469
0.084257
0.086176
0.102663
0.087714
0.098225
0.096791
0.112595
0.084495
0.085569
0.097821
0.106657
0.093858
0.093861
0.097444
0.091392
0.085775
0.085686
0.102422
0.085878
0.085245
0.102537
0.096922
0.092290
0.087235
0.103199
0.099855
0.094443
0.091589
0.085164
0.084888
0.085107
0.098242
0.089279
0.084441
0.098807
0.084528
0.085016
0.097319
0.096722
0.096187
0.084179
0.106263
0.083745
0.098753
0.084721
0.090903
0.095603
0.084445
0.100242
0.089985
0.083927
0.098921
0.101946
0.105436
0.084406
0.103651
0.100277
0.095084
0.084523
0.105233
0.101524
0.085470
0.097342
0.083701
0.085232
0.099998
0.097816
0.098492
0.103158
0.098845
0.083845
0.103704
0.097480
0.098003
0.104215
0.100452
0.102001
0.097043
0.092665
0.093550
0.091436
0.103878
0.096706
0.096495
0.093599
0.098797
0.086954
0.090994
0.091719
0.085856
0.094527
0.083981
0.101145
0.090448
0.103940
0.102595
0.114815
0.095459
0.084714
0.102548
0.097337
0.097847
0.095235
0.101410
0.098394
0.085315
0.093576
0.092781
0.091706
0.085274
0.086137
0.084299
0.085946
0.100707
0.087759
0.099838
0.084537
0.087526
0.084755
0.084318
0.085805
0.092663
0.096727
0.098602
0.086773
0.084529
0.089473
0.086839
0.098862
0.097334
0.084283
0.086877
0.098668
0.084983
0.086280
0.086037
0.108248
0.094493
0.102787
0.088977
0.084662
0.085977
0.099693
0.093106
0.093629
0.096265
0.088633
0.096889
0.103857
0.086068
0.094318
0.096545
0.087131
0.087858
0.089007
0.088262
0.096755
0.092633
0.095710
0.113250
0.084814
0.098504
0.109815
0.107020
0.085716
0.102571
0.087572
0.101938
0.108954
0.097656
0.104106
0.092164
0.086394
0.098287
0.090073
0.095269
0.095177
0.098256
0.093194
0.086578
0.098707
0.084952
0.101632
0.092526
0.098707
0.094218
0.086671
0.105580
0.097909
0.093063
0.102064
0.118064
0.084468
0.099891
0.086414
0.085469
0.085422
0.112093
0.105045
0.098293
0.099116
0.085125
0.089861
0.098267
0.102985
0.102159
0.085238
0.099095
0.084184
0.085198
0.101872
0.097803
0.102868
0.086474
0.096057
0.084702
0.099109
0.085289
0.109313
0.095789
0.108926
0.094079
0.097313
0.104797
0.086776
0.098435
0.085445
0.102305
0.092714
0.094024
0.099755
0.091050
0.091982
0.083097
0.085777
0.096709
0.101417
0.092971
0.098252
0.097049
0.087906
0.085676
0.097974
0.083291
0.085164
0.085702
0.097805
0.095927
0.085535
0.102387
0.085202
0.085749
0.115051
0.094689
0.092338
0.096239
0.090515
0.094013
0.084997
0.097279
0.105727
0.084172
0.099774
0.084864
0.095087
0.089836
0.086178
0.112153
0.102848
0.085928
0.100368
0.084580
0.085579
0.104004
0.110415
0.084588
0.086500
0.090512
0.085814
0.097093
0.085121
0.114213
0.097247
0.115198
0.094399
0.084248
0.101622
0.110468
0.096144
0.090081
0.089753
0.094382
0.084252
0.105850
0.106861
0.096442
0.086566
0.106285
0.096824
0.092584
0.083843
0.100577
0.085466
0.095950
0.097953
0.098618
0.095268
0.098655
0.109846
0.094241
0.098860
0.092355
0.100507
0.086461
0.098546
0.099809
0.093484
0.103489
0.102181
0.085190
0.112951
0.098315
0.100199
0.084202
0.093005
0.083769
0.095538
0.085077
0.099927
0.105117
0.101679
0.098924
0.097520
0.106020
0.095257
0.107637
0.093801
0.098547
0.093033
0.084099
0.099529
0.108627
0.088233
0.091435
0.097210
0.098511
0.098065
0.085616
0.086049
0.101591
0.084571
0.089671
0.102395
0.082580
0.085147
0.101624
0.094180
0.098095
0.110576
0.092709
0.099059
0.086308
0.103343
0.096986
0.102489
0.086925
0.096351
0.090279
0.085493
0.086679
0.108885
0.083763
0.099256
0.094299
0.100085
0.105068
0.102963
0.099191
0.092492
0.097051
0.081644
0.082890
0.091762
0.100111
0.098240
0.093131
0.090077
0.092413
0.083250
0.103658
0.085329
0.090347
0.095679
0.087139
0.084620
0.084342
0.085532
0.085710
0.104962
0.092517
0.096995
0.084327
0.090105
0.085859
0.112307
0.095419
0.096869
0.100879
0.085942
0.084923
0.112059
0.087970
0.090024
0.084889
0.087321
0.093088
0.084617
0.104316
0.091473
0.100827
0.082875
0.110043
0.084115
0.084481
0.087288
0.107276
0.098360
0.083604
0.088140
0.084404
0.084433
0.103013
0.097500
0.090140
0.086543
0.099095
0.101365
0.089566
0.101206
0.087476
0.085557
0.103333
0.099582
0.086177
0.109200
0.094426
0.104073
0.099412
0.084690
0.104186
0.084478
0.084575
0.096371
0.094588
0.086135
0.092606
0.095481
0.093572
0.084099
0.101766
0.100911
0.093582
0.098785
0.090786
0.094081
0.084689
0.096399
0.095559
0.096094
0.082929
0.096202
0.098560
0.096534
0.092038
0.096207
0.085053
0.084161
0.098492
0.094184
0.083619
0.089391
0.098734
0.097663
0.122737
0.092213
0.083613
0.085355
0.092098
0.097464
0.090696
0.083628
0.095122
0.084479
0.093867
0.093332
0.107287
0.089489
0.100803
0.103180
0.081396
0.097834
0.092017
0.087047
0.094035
0.100057
0.094741
0.082700
0.084605
0.097124
0.104409
0.098237
0.083325
0.086422
0.083631
0.083924
0.102662
0.098816
0.096737
0.097619
0.108519
0.088338
0.085609
0.097007
0.100956
0.093066
0.092507
0.097938
0.083156
0.084857
0.094592
0.115292
0.092837
0.094970
0.110528
0.083609
0.085478
0.092742
0.091975
0.084204
0.083718
0.095326
0.082724
0.096190
0.092639
0.100976
0.089274
0.087936
0.111067
0.081693
0.083448
0.083056
0.105826
0.095286
0.089048
0.095706
0.084863
0.085058
0.093766
0.090066
0.101683
0.116255
0.097301
0.097443
0.110132
0.085260
0.103571
0.084012
0.096622
0.108402
0.091749
0.099207
0.113160
0.087847
0.089943
0.095096
0.084066
0.081586
0.085502
0.108158
0.086320
0.092426
0.096315
0.112298
0.083723
0.099790
0.085552
0.101193
0.085211
0.098396
0.094289
0.085391
0.096605
0.088360
0.086806
0.089995
0.094161
0.102419
0.083877
0.085779
0.086025
0.099192
0.085650
0.086163
0.092426
0.084858
0.086593
0.095978
0.099703
0.090264
0.109988
0.091023
0.086846
0.085867
0.085705
0.096775
0.088862
0.105064
0.091998
0.093531
0.097480
0.085166
0.098423
0.095743
0.095823
0.088228
0.095652
0.098330
0.084841
0.092207
0.084625
0.086718
0.085349
0.082432
0.086296
0.096834
0.106434
0.084690
0.085742
0.100619
0.096489
0.100963
0.092811
0.103445
0.089625
0.096194
0.095385
0.083926
0.085442
0.089332
0.098250
0.100603
0.085348
0.092168
0.095312
0.098243
0.084265
0.098914
0.086711
0.085199
0.098200
0.082999
0.084928
0.102216
0.102378
0.087002
0.104793
0.095038
0.101836
0.100691
0.100212
0.092365
0.082646
0.085007
0.110146
0.084098
0.085626
0.095385
0.105529
0.083831
0.085775
0.100153
0.083364
0.085694
0.085040
0.093401
0.097454
0.092940
0.091725
0.090909
0.089585
0.084753
0.095302
0.090081
0.082147
0.099785
0.097337
0.084084
0.107348
0.087162
0.090844
0.098158
0.097560
0.084268
0.100991
0.086711
0.096134
0.096902
0.101995
0.100068
0.082451
0.084200
0.084945
0.098300
0.084317
0.082314
0.094006
0.100482
0.093559
0.100102
0.096809
0.098104
0.090525
0.093457
0.084611
0.101606
0.086856
0.087666
0.086272
0.083194
0.100854
0.098051
0.086204
0.085673
0.113364
0.096303
0.091330
0.106550
0.081589
0.094137
0.084061
0.095573
0.106315
0.085222
0.114151
0.088260
0.085931
0.097375
0.096270
0.096552
0.084922
0.100424
0.098494
0.092738
0.096087
0.112647
0.088916
0.089888
0.091876
0.083564
0.099319
0.090272
0.093323
0.095988
0.110009
0.100359
0.085036
0.087154
0.085394
0.094883
0.089356
0.097097
0.093136
0.084402
0.099738
0.086175
0.087280
0.098493
0.085965
0.092940
0.083625
0.092786
0.096599
0.088621
0.099625
0.084686
0.093387
0.083063
0.098246
0.095719
0.099229
0.092082
0.084088
0.107664
0.096502
0.085190
0.085340
0.097605
0.084278
0.094180
0.096530
0.085022
0.084685
0.101378
0.106373
0.090875
0.110503
0.108568
0.097912
0.100063
0.093068
0.114933
0.083894
0.100794
0.083541
0.083906
0.095696
0.099975
0.100093
0.081485
0.087448
0.087336
0.083996
0.088578
0.086491
0.104972
0.096652
0.086835
0.094263
0.085190
0.086094
0.093672
0.126355
0.095986
0.086719
0.085303
0.092025
0.085765
0.093013
0.100087
0.085947
0.089709
0.094793
0.092746
0.095839
0.098279
0.103238
0.081997
0.100990
0.083930
0.094532
0.092675
0.096432
0.094990
0.101042
0.100211
0.105944
0.089594
0.102756
0.095564
0.102472
0.094830
0.101973
0.084115
0.095513
0.090317
0.103106
0.103534
0.084855
0.092699
0.088847
0.084692
0.084610
0.095214
0.106292
0.084602
0.097171
0.099023
0.085114
0.109867
0.095316
0.094832
0.098166
0.092746
0.084755
0.096376
0.095435
0.091000
0.084375
0.083812
0.102236
0.093825
0.098321
0.100031
0.107720
0.107674
0.085385
0.085467
0.083847
0.085282
0.093940
0.086853
0.085048
0.104165
0.091472
0.092456
0.091263
0.102163
0.086842
0.097406
0.091370
0.101470
0.084804
0.102115
0.084632
0.106599
0.098968
0.090099
0.106868
0.096166
0.085012
0.100435
0.085908
0.084223
0.084435
0.097804
0.103357
0.105654
0.083285
0.114944
0.096335
0.089648
0.097507
0.082350
0.085391
0.097822
0.095868
0.085185
0.085968
0.098390
0.084599
0.099127
0.085070
0.093417
0.096608
0.099951
0.085776
0.101473
0.102405
0.101085
0.102900
0.096080
0.112518
0.083708
0.084134
0.085603
0.084933
0.094973
0.096349
0.091215
0.107792
0.084164
0.085283
0.101802
0.086977
0.083940
0.084302
0.084326
0.084165
0.085190
0.096160
0.098042
0.090443
0.098041
0.109225
0.107311
0.094508
0.085175
0.111007
0.101625
0.086218
0.093977
0.084384
0.085149
0.085676
0.119149
0.084076
0.093334
0.094821
0.093786
0.114406
0.085782
0.102007
0.086145
0.104143
0.096120
0.084090
0.086149
0.101430
0.094792
0.085464
0.099801
0.091730
0.084823
0.090498
0.113487
0.093022
0.084567
0.096334
0.094427
0.085777
0.095047
0.112351
0.097144
0.101736
0.106018
0.083349
0.100566
0.095901
0.092804
0.108309
0.084295
0.085797
0.084373
0.085213
0.085321
0.113207
0.090224
0.083162
0.101252
0.097322
0.085624
0.084529
0.086328
0.094543
0.103198
0.089554
0.105326
0.084438
0.102266
0.101907
0.092237
0.099075
0.093240
0.095657
0.084791
0.102149
0.111560
0.097923
0.084141
0.091697
0.081645
0.085224
0.084714
0.094908
0.094191
0.089909
0.097216
0.100025
0.083917
0.104208
0.116487
0.100517
0.093938
0.106890
0.082654
0.094878
0.091832
0.087130
0.099629
0.097757
0.097626
0.082553
0.084773
0.096990
0.094920
0.105659
0.103771
0.089764
0.083093
0.086461
0.097400
0.095468
0.093017
0.083994
0.094954
0.082155
0.093778
0.098172
0.090228
0.093147
0.084033
0.086166
0.097553
0.091750
0.106791
0.095598
0.083753
0.083956
0.117543
0.082606
0.094593
0.098165
0.105527
0.103252
0.100890
0.098502
0.084987
0.094087
0.084856
0.097796
0.104610
0.113153
0.085374
0.083885
0.085161
0.099927
0.094691
0.094251
0.097799
0.102066
0.081946
0.088856
0.085803
0.086491
0.099565
0.095535
0.105187
0.084255
0.086035
0.085707
0.109508
0.093508
0.115034
0.090014
0.111642
0.085657
0.089115
0.097407
0.086439
0.086189
0.084539
0.083649
0.102053
0.086505
0.092453
0.084054
0.120023
0.094271
0.094761
0.105273
0.085888
0.085219
0.095698
0.105804
0.100850
0.093209
0.089956
0.087256
0.089749
0.103170
0.089340
0.101809
0.083130
0.092778
0.099325
0.096370
0.083188
0.097356
0.095572
0.082863
0.099168
0.102097
0.109397
0.084587
0.109611
0.081504
0.098728
0.084902
0.115102
0.089755
0.083435
0.102810
0.091567
0.085796
0.098331
0.087061
0.097222
0.084028
0.100197
0.083711
0.096580
0.086736
0.100345
0.095675
0.095483
0.097224
0.093471
0.101531
0.089111
0.086597
0.085169
0.103546
0.105654
0.100572
0.083859
0.093704
0.100218
0.089172
0.094084
0.102540
0.094110
0.085638
0.095252
0.093124
0.089398
0.094305
0.097105
0.081908
0.099063
0.099210
0.087547
0.084389
0.085873
0.085770
0.084379
0.084107
0.096774
0.103911
0.095975
0.084420
0.098064
0.082954
0.083629
0.086210
0.116845
0.098082
0.091978
0.094074
0.089399
0.086368
0.100947
0.096363
0.118412
0.095690
0.085428
0.090768
0.090186
0.084051
0.106609
0.096954
0.100075
0.085153
0.097858
0.094734
0.083727
0.090676
0.094645
0.083392
0.090339
0.081882
0.093303
0.097307
0.086263
0.095043
0.082222
0.108891
0.094352
0.096161
0.085330
0.112069
0.097214
0.095525
0.101057
0.086610
0.084871
0.099836
0.099529
0.096506
0.104378
0.104001
0.092130
0.096553
0.098609
0.093874
0.084186
0.085437
0.085808
0.093159
0.084206
0.092730
0.094996
0.084152
0.084737
0.096247
0.082467
0.085506
0.091208
0.106977
0.085617
0.101706
0.096617
0.082317
0.083847
0.095760
0.099454
0.094858
0.100628
0.086165
0.083609
0.083981
0.103820
0.088207
0.105327
0.085148
0.102559
0.083991
0.089279
0.092902
0.109257
0.101697
0.097905
0.091173
0.084052
0.097755
0.097843
0.108922
0.100468
0.087487
0.097853
0.083898
0.084455
0.085226
0.093376
0.099513
0.084586
0.085071
0.083565
0.083707
0.092614
0.094743
0.094976
0.096108
0.097579
0.085154
0.083314
0.085963
0.086830
0.085872
0.083452
0.115563
0.083524
0.082828
0.084625
0.120352
0.102168
0.084118
0.093862
0.095241
0.082843
0.093614
0.086444
0.092272
0.081943
0.089270
0.094936
0.092613
0.095856
0.085091
0.096498
0.096592
0.094432
0.100910
0.082060
0.085302
0.098811
0.086476
0.086562
0.093482
0.095919
0.083365
0.085541
0.087158
0.095843
0.096513
0.096615
0.083757
0.081567
0.083207
0.094723
0.102618
0.084746
0.087246
0.092951
0.082429
0.082881
0.097665
0.097221
0.086153
0.083681
0.086039
0.086087
0.100929
0.100591
0.086439
0.097713
0.096645
0.104375
0.084232
0.090728
0.085127
0.095513
0.088570
0.098268
0.086281
0.084749
0.092684
0.091813
0.090215
0.099625
0.084470
0.103933
0.099841
0.087632
0.091332
0.099119
0.090076
0.097201
0.110717
0.082841
0.081004
0.093707
0.107901
0.091051
0.101858
0.092811
0.089442
0.090453
0.118233
0.100171
0.099055
0.083231
0.097724
0.095328
0.083283
0.092397
0.106359
0.090334
0.083454
0.093054
0.084348
0.085133
0.097540
0.105076
0.093065
0.102847
0.100203
0.095400
0.102757
0.083207
0.097741
0.085128
0.095406
0.097191
0.095537
0.087589
0.102938
0.100646
0.105441
0.098229
0.090372
0.100801
0.085960
0.094480
0.087729
0.086245
0.088884
0.095521
0.097790
0.085668
0.105204
0.097090
0.094667
0.093472
0.087698
0.082513
0.084650
0.091450
0.106407
0.089240
0.087748
0.098899
0.081331
0.107617
0.098888
0.086824
0.086946
0.084358
0.103915
0.083589
0.084555
0.094925
0.119578
0.101370
0.089990
0.101358
0.083323
0.096594
0.084559
0.095001
0.092971
0.095496
0.105422
0.084979
0.092049
0.086176
0.093842
0.084128
0.104573
0.106305
0.083482
0.103259
0.089808
0.103889
0.102418
0.103749
0.082129
0.101483
0.086039
0.096286
0.095714
0.084631
0.107387
0.091693
0.082369
0.096256
0.093968
0.105556
0.102404
0.111002
0.083098
0.083709
0.085120
0.092392
0.101247
0.083536
0.105323
0.094748
0.083826
0.103373
0.086887
0.090371
0.111906
0.105154
0.094088
0.090612
0.089711
0.086021
0.084303
0.083412
0.100807
0.096496
0.097035
0.097383
0.101694
0.097572
0.107616
0.097770
0.102474
0.086090
0.097341
0.102776
0.094253
0.086345
0.100393
0.100109
0.093946
0.109375
0.109448
0.094792
0.093634
0.099260
0.083695
0.106827
0.096422
0.085306
0.100796
0.087292
0.084570
0.097071
0.085252
0.117294
0.086344
0.103077
0.096655
0.083115
0.083354
0.093092
0.086596
0.099351
0.082413
0.087253
0.090289
0.097387
0.098140
0.099843
0.094460
0.102026
0.097174
0.083222
0.101168
0.085825
0.101117
0.105535
0.083899
0.093029
0.099343
0.083932
0.093875
0.092432
0.099075
0.085113
0.096211
0.091945
0.102909
0.098714
0.099059
0.100535
0.088950
0.109511
0.081959
0.084431
0.093702
0.099301
0.086141
0.090845
0.113241
0.086679
0.084792
0.085239
0.085963
0.101776
0.097237
0.102928
0.099653
0.093853
0.085474
0.107506
0.103353
0.085793
0.093497
0.083886
0.100209
0.085986
0.097579
0.084369
0.085314
0.086559
0.082834
0.083431
0.098837
0.088451
0.085524
0.084391
0.110236
0.085280
0.083889
0.098036
0.086429
0.085816
0.083704
0.094769
0.083462
0.092409
0.085435
0.109911
0.085231
0.096060
0.095196
0.083406
0.091426
0.084509
0.098981
0.108439
0.090252
0.108896
0.084997
0.093593
0.090027
0.111978
0.100171
0.083465
0.100132
0.090118
0.102222
0.101814
0.101243
0.103191
0.092148
0.108367
0.083534
0.100808
0.091185
0.087212
0.112883
0.096146
0.097377
0.083722
0.083811
0.112383
0.090572
0.084765
0.085263
0.093210
0.084544
0.085218
0.090414
0.104239
0.101246
0.084451
0.084290
0.082211
0.084193
0.090142
0.098190
0.091029
0.084454
0.102159
0.084087
0.084540
0.085979
0.087127
0.086556
0.084667
0.086281
0.083420
0.083602
0.104260
0.093646
0.097893
0.091468
0.093451
0.084047
0.083659
0.085539
0.095173
0.111717
0.103929
0.090461
0.086259
0.083152
0.097564
0.095028
0.093341
0.089163
0.122917
0.084584
0.084282
0.094058
0.100288
0.096326
0.082072
0.085944
0.099876
0.082237
0.109690
0.095397
0.099279
0.083259
0.100562
0.101186
0.083433
0.101120
0.106065
0.099722
0.090521
0.108197
0.082353
0.108390
0.113344
0.106712
0.095215
0.098047
0.094838
0.084048
0.115559
0.093093
0.086759
0.101329
0.086880
0.097948
0.095201
0.086282
0.097476
0.104922
0.082389
0.089803
0.084050
0.083301
0.092210
0.099818
0.094739
0.085026
0.086509
0.092130
0.094594
0.097180
0.083803
0.100445
0.090108
0.098033
0.094325
0.083411
0.086505
0.096698
0.095714
0.092912
0.085194
0.102396
0.084255
0.105304
0.085170
0.087552
0.094331
0.086226
0.099753
0.084388
0.099860
0.097826
0.098498
0.087922
0.103784
0.095317
0.096909
0.114025
0.085455
0.098781
0.083832
0.086235
0.098919
0.083206
0.085774
0.104862
0.107428
0.082193
0.089311
0.091365
0.103916
0.099652
0.086628
0.100989
0.083178
0.086775
0.089126
0.092967
0.092650
0.108550
0.092946
0.085634
0.098360
0.084460
0.094316
0.098095
0.099117
0.098283
0.085419
0.123081
0.081960
0.095462
0.105450
0.119976
0.098510
0.117446
0.102690
0.087501
0.085544
0.093527
0.100333
0.088639
0.085095
0.093168
0.097364
0.086252
0.102041
0.085988
0.097665
0.107684
0.096542
0.093493
0.093955
0.084639
0.098640
0.104095
0.096279
0.089116
0.083158
0.086227
0.103484
0.103417
0.093380
0.090360
0.102804
0.082757
0.085181
0.085154
0.105629
0.097752
0.095302
0.091312
0.095533
0.093809
0.084586
0.097203
0.083839
0.097219
0.093536
0.100948
0.085356
0.084986
0.095920
0.093194
0.094977
0.100826
0.089101
0.085743
0.093609
0.099864
0.082158
0.100008
0.087350
0.096686
0.103043
0.090076
0.119706
0.091649
0.100379
0.083124
0.083784
0.092043
0.085309
0.098289
0.094120
0.100166
0.094333
0.093784
0.085196
0.098367
0.086942
0.097027
0.098491
0.093880
0.096598
0.116968
0.094492
0.103101
0.095921
0.086931
0.082963
0.096715
0.111803
0.099626
0.098978
0.084553
0.086546
0.082047
0.093190
0.109465
0.108622
0.097081
0.089435
0.096591
0.095665
0.084814
0.103016
0.087008
0.087785
0.097382
0.107234
0.101124
0.085237
0.085300
0.094858
0.092919
0.085983
0.086078
0.098942
0.085805
0.102997
0.096429
0.089171
0.085324
0.105257
0.092328
0.087327
0.093050
0.104140
0.089903
0.085325
0.085401
0.097490
0.098368
0.096740
0.108058
0.085638
0.084113
0.100274
0.085253
0.085880
0.096197
0.105642
0.091262
0.089722
0.108538
0.083651
0.092594
0.102673
0.089482
0.093103
0.100363
0.096968
0.103634
0.085663
0.085171
0.099954
0.084836
0.099068
0.094216
0.097265
0.085084
0.100624
0.106730
0.100131
0.086193
0.085402
0.082295
0.108135
0.097807
0.091466
0.098197
0.092134
0.090379
0.093851
0.107653
0.115970
0.117834
0.083527
0.086001
0.082619
0.083076
0.086492
0.086899
0.088038
0.081652
0.086081
0.084275
0.099159
0.106337
0.091288
0.095203
0.095095
0.093203
0.084531
0.085222
0.086641
0.094025
0.104174
0.084539
0.097140
0.095882
0.082698
0.096834
0.086784
0.117926
0.102689
0.110225
0.103206
0.084763
0.102088
0.099599
0.094945
0.089832
0.095987
0.094998
0.094148
0.083561
0.122224
0.091232
0.084096
0.098386
0.103711
0.111273
0.104578
0.097899
0.087332
0.086469
0.096742
0.087877
0.084711
0.091519
0.100367
0.102460
0.085549
0.104404
0.094195
0.103251
0.085035
0.099931
0.088593
0.098615
0.090536
0.083944
0.100158
0.093302
0.093345
0.091471
0.101346
0.092746
0.085459
0.095434
0.089619
0.092920
0.099590
0.115365
0.083465
0.082853
0.095235
0.089691
0.099681
0.092528
0.095015
0.090848
0.081100
0.085088
0.096610
0.093926
0.096820
0.104321
0.097172
0.082108
0.085684
0.084591
0.097695
0.097666
0.085300
0.085934
0.094966
0.086076
0.101223
0.103537
0.097004
0.084977
0.091267
0.098560
0.099796
0.095971
0.091200
0.089438
0.093546
0.085342
0.083285
0.091415
0.095543
0.104727
0.085537
0.096169
0.100046
0.083332
0.085391
0.104414
0.101877
0.097476
0.102134
0.090648
0.094887
0.092672
0.088331
0.096598
0.081331
0.085469
0.103684
0.094957
0.086735
0.086904
0.095074
0.091365
0.097612
0.091789
0.084375
0.083363
0.101712
0.101878
0.095195
0.099483
0.096311
0.083376
0.086509
0.091322
0.086721
0.084407
0.095636
0.092313
0.094119
0.094195
0.097696
0.092927
0.095673
0.095620
0.095131
0.089493
0.101307
0.085366
0.111144
0.086611
0.089179
0.103784
0.082960
0.085196
0.096009
0.095722
0.096098
0.085701
0.107953
0.083273
0.084814
0.085820
0.096547
0.093991
0.098333
0.094439
0.089919
0.101310
0.086116
0.087435
0.084944
0.106613
0.085402
0.090344
0.085285
0.091804
0.096469
0.085145
0.098890
0.097169
0.083062
0.097675
0.083682
0.098084
0.093351
0.083850
0.093329
0.082430
0.085075
0.095208
0.106044
0.085165
0.095863
0.095242
0.092168
0.098228
0.098548
0.105881
0.095622
0.084519
0.099696
0.097333
0.095742
0.103437
0.104786
0.096392
0.092604
0.095144
0.088851
0.096274
0.094054
0.086336
0.097458
0.086954
0.089582
0.083626
0.094265
0.103093
0.104359
0.098749
0.098579
0.096273
0.090737
0.101331
0.093457
0.096373
0.094101
0.086897
0.100639
0.095228
0.093772
0.086004
0.105917
0.082548
0.109698
0.082313
0.084314
0.094578
0.099624
0.094830
0.084225
0.098514
0.083339
0.096999
0.097917
0.098501
0.092776
0.094773
0.094675
0.091751
0.084710
0.084740
0.098982
0.091499
0.090506
0.105499
0.095675
0.084807
0.093339
0.087821
0.097938
0.095098
0.098104
0.082645
0.095913
0.100394
0.094253
0.091546
0.093727
0.087491
0.086898
0.084675
0.094050
0.099440
0.117706
0.087155
0.096652
0.093257
0.085670
0.098775
0.096122
0.099197
0.100759
0.100253
0.093286
0.085866
0.083790
0.086367
0.103364
0.083841
0.103318
0.083590
0.085367
0.095667
0.085842
0.097996
0.096403
0.093334
0.091521
0.108488
0.087694
0.110134
0.109203
0.083340
0.104904
0.088965
0.085349
0.082707
0.095676
0.097533
0.083587
0.103577
0.082249
0.086648
0.082287
0.100592
0.114089
0.088474
0.103117
0.098841
0.112471
0.085514
0.101957
0.083718
0.100240
0.116897
0.106927
0.098320
0.113566
0.090830
0.090778
0.102244
0.097868
0.085434
0.085677
0.086647
0.103633
0.085515
0.099700
0.087664
0.084924
0.093622
0.110755
0.101323
0.083977
0.100410
0.100891
0.086926
0.082481
0.113599
0.093325
0.092478
0.096184
0.088714
0.086577
0.083405
0.122962
0.108089
0.096439
0.098168
0.084149
0.092447
0.081662
0.086650
0.098998
0.084360
0.085543
0.083076
0.116751
0.083224
0.086191
0.095184
0.082290
0.086198
0.100850
0.103634
0.097784
0.085930
0.085848
0.091324
0.102639
0.084652
0.084780
0.091465
0.084939
0.102276
0.097663
0.085876
0.098064
0.084931
0.097109
0.101183
0.102893
0.100971
0.098293
0.089435
0.126331
0.096702
0.099334
0.089154
0.084477
0.096434
0.092403
0.097052
0.101048
0.095177
0.097488
0.100006
0.089672
0.095428
0.085553
0.094140
0.090818
0.099756
0.095880
0.098120
0.089620
0.094179
0.085330
0.097489
0.085169
0.084764
0.086003
0.095115
0.100175
0.094863
0.092014
0.092443
0.083915
0.101070
0.100027
0.090003
0.083614
0.088888
0.104694
0.084464
0.102627
0.095100
0.090367
0.089824
0.086598
0.091092
0.107148
0.098407
0.083338
0.114080
0.083453
0.097161
0.089437
0.083568
0.106404
0.082982
0.084622
0.092882
0.110079
0.098468
0.084216
0.104270
0.106476
0.084532
0.100744
0.111532
0.086767
0.085530
0.084375
0.089508
0.084707
0.091653
0.110807
0.098518
0.106845
0.084782
0.102989
0.087998
0.097754
0.097220
0.096014
0.099439
0.083883
0.089467
0.093825
0.104707
0.104171
0.081609
0.103705
0.092830
0.096241
0.100475
0.101623
0.103926
0.083231
0.097538
0.087729
0.085698
0.081874
0.103847
0.093806
0.092215
0.104214
0.083839
0.086098
0.097913
0.097979
0.105895
0.084472
0.097564
0.099363
0.093538
0.085041
0.105904
0.086992
0.104803
0.085429
0.084778
0.100362
0.094589
0.094777
0.088977
0.100454
0.097266
0.095381
0.084160
0.094774
0.103449
0.101757
0.103389
0.097241
0.094170
0.084289
0.098900
0.101140
0.101333
0.091169
0.087696
0.096606
0.088765
0.084765
0.101826
0.098008
0.085796
0.094679
0.095836
0.093621
0.090806
0.099163
0.092310
0.102998
0.083875
0.085586
0.107075
0.086014
0.093860
0.093209
0.087950
0.095346
0.110648
0.099785
0.100212
0.100888
0.083451
0.086214
0.097243
0.092787
0.094557
0.085596
0.098121
0.083718
0.121308
0.091603
0.098955
0.086857
0.099053
0.107533
0.097166
0.104783
0.082003
0.091863
0.097289
0.087065
0.093382
0.083449
0.103412
0.093458
0.085228
0.083578
0.085954
0.086115
0.083235
0.086164
0.102429
0.091228
0.098457
0.085580
0.109623
0.084319
0.096268
0.083608
0.085326
0.102993
0.096060
0.087137
0.083483
0.084677
0.104695
0.093293
0.094629
0.096361
0.097424
0.089220
0.096349
0.096456
0.084460
0.085856
0.094315
0.103407
0.084723
0.084820
0.093063
0.094413
0.084284
0.085002
0.099248
0.086159
0.094946
0.100082
0.104127
0.102886
0.084236
0.094002
0.101749
0.085580
0.085349
0.084588
0.085042
0.084434
0.101661
0.090978
0.106527
0.103147
0.086500
0.103290
0.083658
0.086360
0.100827
0.104203
0.096028
0.083658
0.106525
0.085002
0.109686
0.093224
0.099528
0.090160
0.098446
0.083020
0.083255
0.093005
0.092126
0.091074
0.111732
0.085178
0.083987
0.084621
0.097745
0.105330
0.096276
0.098683
0.111557
0.094857
0.108096
0.085527
0.096810
0.098417
0.088859
0.096226
0.083960
0.086055
0.098397
0.097115
0.103758
0.095898
0.101219
0.082850
0.103839
0.084548
0.094506
0.093520
0.096416
0.101586
0.097060
0.097884
0.102605
0.097106
0.085894
0.098466
0.096276
0.084763
0.092785
0.097737
0.089404
0.106766
0.083365
0.109510
0.096550
0.106767
0.097627
0.084502
0.090179
0.088981
0.094926
0.110438
0.098846
0.101390
0.095317
0.098375
0.086278
0.093534
0.088703
0.109043
0.092610
0.102390
0.093976
0.087116
0.094587
0.098254
0.113835
0.105689
0.101801
0.083806
0.085752
0.084019
0.086784
0.085936
0.083125
0.100409
0.089029
0.088549
0.097666
0.088953
0.103119
0.093398
0.087077
0.082991
0.085280
0.083169
0.105425
0.093196
0.099926
0.095381
0.083795
0.085184
0.085545
0.098192
0.107709
0.085049
0.086741
0.094946
0.086098
0.085123
0.085579
0.101759
0.102038
0.100839
0.086494
0.086224
0.101224
0.099087
0.086169
0.090006
0.117815
0.084981
0.116452
0.084722
0.101833
0.095447
0.104259
0.095828
0.088143
0.100003
0.083970
0.100761
0.094426
0.084656
0.085304
0.100024
0.099567
0.092819
0.106290
0.099326
0.127257
0.099530
0.085102
0.098084
0.085123
0.087528
0.090956
0.085709
0.102241
0.084880
0.102652
0.091281
0.113471
0.091891
0.097731
0.097499
0.085643
0.087034
0.090107
0.095239
0.083873
0.095617
0.093775
0.104815
0.096180
0.114340
0.098603
0.089071
0.096575
0.095126
0.103712
0.101373
0.108892
0.096866
0.098028
0.095805
0.096401
0.092118
0.086709
0.088291
0.089346
0.113267
0.088818
0.094731
0.091469
0.097575
0.107248
0.084392
0.091428
0.088288
0.085002
0.099611
0.094798
0.108287
0.096377
0.087175
0.098160
0.085445
0.083138
0.096104
0.098768
0.101857
0.089887
0.088621
0.084704
0.089520
0.108221
0.096791
0.101739
0.089128
0.086021
0.085521
0.100222
0.086042
0.114763
0.084253
0.087391
0.094003
0.105705
0.085311
0.100594
0.097375
0.084571
0.105365
0.085452
0.097956
0.096808
0.105596
0.095923
0.085088
0.098192
0.096388
0.098957
0.084834
0.087410
0.100999
0.086467
0.090342
0.097597
0.094794
0.091495
0.087416
0.106158
0.113149
0.104868
0.085319
0.086310
0.094397
0.098675
0.092582
0.098677
0.092791
0.097209
0.086218
0.085206
0.091449
0.096239
0.106051
0.089329
0.098593
0.087402
0.086818
0.105819
0.094603
0.087477
0.092126
0.085571
0.099468
0.106880
0.097340
0.100337
0.109648
0.085327
0.086928
0.097624
0.096346
0.085658
0.098086
0.087199
0.093268
0.098856
0.097144
0.105582
0.099842
0.093535
0.108422
0.085414
0.086034
0.100425
0.096111
0.092599
0.085023
0.095121
0.084521
0.098279
0.083499
0.087641
0.092408
0.085208
0.086640
0.100098
0.096175
0.091469
0.104536
0.097673
0.084199
0.113473
0.085156
0.106059
0.095864
0.096211
0.090107
0.085234
0.100871
0.086276
0.084646
0.100731
0.095291
0.109941
0.105781
0.097823
0.084418
0.096047
0.084459
0.100905
0.091133
0.094902
0.089130
0.082159
0.094574
0.083099
0.105630
0.095941
0.102509
0.103204
0.084708
0.093263
0.089088
0.097691
0.089229
0.107118
0.096385
0.084578
0.084649
0.098197
0.107343
0.084075
0.096568
0.094112
0.085283
0.106956
0.093056
0.095104
0.089577
0.100672
0.090884
0.095907
0.093039
0.107477
0.094347
0.085687
0.086404
0.085117
0.090504
0.107505
0.085339
0.085367
0.098990
0.095351
0.096230
0.084482
0.094883
0.085506
0.085575
0.096063
0.090274
0.085548
0.093507
0.098124
0.103159
0.097307
0.085052
0.097941
0.086344
0.093762
0.101187
0.093779
0.104916
0.091433
0.085686
0.084505
0.105161
0.093679
0.085099
0.093504
0.098488
0.107715
0.098264
0.102651
0.105585
0.085592
0.105996
0.096358
0.086567
0.101206
0.112346
0.091840
0.096387
0.102113
0.095529
0.100207
0.102907
0.086207
0.099081
0.096343
0.085125
0.102892
0.096872
0.098207
0.092048
0.098624
0.099566
0.099608
0.092988
0.100213
0.085965
0.092338
0.085135
0.099655
0.097383
0.097143
0.100853
0.084950
0.099806
0.086285
0.102039
0.090202
0.092725
0.102526
0.086203
0.102310
0.097350
0.109270
0.101069
0.099638
0.101561
0.085203
0.085250
0.119902
0.096681
0.102810
0.097576
0.085274
0.108638
0.085334
0.106174
0.097261
0.086167
0.096700
0.100810
0.092488
0.105781
0.095707
0.096951
0.094360
0.090062
0.109074
0.084641
0.087466
0.091504
0.094317
0.089918
0.084853
0.090721
0.085993
0.088268
0.097764
0.094962
0.100479
0.096391
0.090506
0.093913
0.085554
0.111827
0.099975
0.104276
0.084653
0.086834
0.097420
0.112081
0.086663
0.109964
0.092101
0.101608
0.090306
0.103188
0.114797
0.091116
0.085796
0.102912
0.085479
0.085140
0.102223
0.086839
0.096067
0.118122
0.097221
0.099801
0.094587
0.086142
0.092257
0.099981
0.091013
0.084782
0.086747
0.096017
0.085943
0.105512
0.084381
0.096597
0.096745
0.092764
0.095527
0.086494
0.097665
0.097677
0.104235
0.097622
0.102108
0.102835
0.106912
0.091613
0.102368
0.090641
0.098494
0.084865
0.098946
0.109831
0.094297
0.087480
0.107447
0.084652
0.093866
0.098632
0.094981
0.099675
0.084920
0.085427
0.126695
0.091902
0.084321
0.085822
0.100458
0.086245
0.102091
0.085481
0.102903
0.085613
0.087249
0.088721
0.098923
0.097532
0.091522
0.102837
0.092045
0.098966
0.091373
0.101878
0.097469
0.091443
0.099194
0.118063
0.098482
0.084689
0.097692
0.100708
0.085729
0.096364
0.121005
0.092227
0.085326
0.085937
0.094987
0.102091
0.097902
0.087169
0.106093
0.091529
0.097552
0.095481
0.085953
0.084879
0.105478
0.098140
0.096804
0.093391
0.085750
0.086608
0.100203
0.088163
0.095665
0.096748
0.102965
0.090872
0.091991
0.086217
0.092336
0.106855
0.106462
0.100069
0.084846
0.094214
0.085134
0.094860
0.084065
0.086129
0.096220
0.085177
0.098303
0.084712
0.086080
0.093929
0.085704
0.101783
0.098312
0.102014
0.101068
0.110134
0.082682
0.116347
0.094269
0.101428
0.083631
0.086689
0.093165
0.095707
0.086462
0.102583
0.095478
0.098489
0.099492
0.089334
0.083620
0.093942
0.096833
0.103181
0.083614
0.086305
0.084864
0.098288
0.098822
0.084052
0.099856
0.093560
0.085452
0.096000
0.083996
0.085692
0.085601
0.097981
0.095244
0.085527
0.104385
0.088237
0.100354
0.083423
0.092718
0.099799
0.127421
0.093409
0.085337
0.102102
0.089796
0.097389
0.094009
0.097232
0.112285
0.085382
0.118307
0.098497
0.093028
0.085008
0.086463
0.090977
0.083547
0.096330
0.082743
0.094873
0.102867
0.102174
0.087642
0.096643
0.086453
0.083042
0.085412
0.102913
0.103040
0.096444
0.084222
0.085602
0.086192
0.108599
0.084406
0.103464
0.094882
0.092325
0.104151
0.084637
0.097679
0.095363
0.108411
0.099515
0.088475
0.085603
0.096141
0.095597
0.101074
0.108862
0.084738
0.098285
0.090834
0.086264
0.092938
0.108212
0.089365
0.096937
0.091601
0.084589
0.085745
0.091158
0.100401
0.097961
0.103976
0.096940
0.089475
0.102329
0.091175
0.092678
0.102301
0.096481
0.092577
0.096162
0.092457
0.084088
0.098887
0.098771
0.089583
0.102272
0.084161
0.086409
0.099256
0.102248
0.085627
0.097695
0.096380
0.085295
0.109826
0.095068
0.098176
0.101755
0.085702
0.093123
0.087897
0.091718
0.083951
0.087187
0.085560
0.100971
0.104890
0.083762
0.086129
0.097708
0.099743
0.086055
0.106886
0.092082
0.096664
0.101821
0.101568
0.087036
0.090426
0.101224
0.086872
0.100828
0.092001
0.093245
0.090933
0.090571
0.084749
0.096253
0.097212
0.085123
0.095887
0.097786
0.099418
0.085495
0.096942
0.084884
0.098551
0.103355
0.093023
0.085325
0.097996
0.093958
0.084926
0.086102
0.095778
0.099779
0.095603
0.086490
0.094253
0.112905
0.091029
0.085764
0.096753
0.102286
0.085892
0.099339
0.095134
0.098640
0.085920
0.087004
0.084674
0.092445
0.096426
0.101733
0.099079
0.095048
0.100372
0.088918
0.102340
0.099714
0.095151
0.092825
0.110667
0.106007
0.096916
0.097803
0.089288
0.100992
0.096605
0.094195
0.096400
0.095360
0.103270
0.086122
0.091958
0.085670
0.104743
0.098596
0.105618
0.088255
0.093814
0.084944
0.085714
0.105541
0.097679
0.105689
0.094654
0.087675
0.098704
0.085375
0.096185
0.099580
0.105425
0.094215
0.085850
0.100717
0.085448
0.094584
0.092863
0.091459
0.095596
0.095200
0.097082
0.085804
0.102176
0.101209
0.096389
0.095868
0.098755
0.084249
0.091854
0.099948
0.084896
0.087381
0.094863
0.096125
0.085441
0.086299
0.107809
0.084856
0.093531
0.084197
0.101800
0.084597
0.097058
0.097518
0.085106
0.087978
0.092762
0.086632
0.097177
0.095261
0.097016
0.085811
0.088512
0.093586
0.085994
0.096200
0.098016
0.114082
0.084670
0.103578
0.085121
0.085975
0.084224
0.130043
0.093764
0.089100
0.099673
0.084723
0.094869
0.083554
0.086198
0.091733
0.083756
0.088835
0.092893
0.085486
0.084720
0.096739
0.099243
0.084305
0.086474
0.098763
0.085119
0.098470
0.095041
0.096024
0.102284
0.086158
0.084804
0.085257
0.095282
0.084912
0.086415
0.097868
0.091894
0.086016
0.085026
0.095860
0.096845
0.105683
0.085019
0.085152
0.102907
0.102540
0.097109
0.085102
0.098289
0.100148
0.098662
0.095233
0.089633
0.102543
0.100978
0.090799
0.091527
0.101812
0.085092
0.086097
0.093671
0.086635
0.098043
0.087297
0.099187
0.085180
0.085730
0.092803
0.100421
0.108972
0.091160
0.099449
0.100587
0.085274
0.088596
0.101137
0.118090
0.093548
0.089116
0.083918
0.086477
0.083187
0.096205
0.101659
0.084335
0.104892
0.095874
0.100390
0.083800
0.097886
0.101242
0.102159
0.101035
0.084276
0.101430
0.088233
0.085992
0.109548
0.097321
0.109895
0.097488
0.102120
0.086317
0.108603
0.090756
0.091124
0.107661
0.103628
0.097159
0.085568
0.099024
0.084278
0.086002
0.092812
0.084947
0.084469
0.097849
0.102912
0.092890
0.104292
0.092152
0.102328
0.101810
0.095095
0.105321
0.099706
0.111798
0.085324
0.102773
0.083984
0.096740
0.084996
0.095835
0.086211
0.098631
0.085743
0.087306
0.086331
0.100304
0.084444
0.099699
0.097540
0.085943
0.098180
0.086591
0.104657
0.099969
0.086267
0.102194
0.085184
0.084629
0.103732
0.092732
0.093026
0.106385
0.105854
0.104873
0.098369
0.100066
0.092928
0.112397
0.094431
0.103150
0.093411
0.093987
0.107701
0.089280
0.121079
0.085043
0.100446
0.095879
0.086168
0.093809
0.096103
0.085908
0.093235
0.091629
0.098496
0.107546
0.092619
0.092737
0.107462
0.094413
0.096306
0.084758
0.106750
0.095702
0.086509
0.085839
0.096949
0.084937
0.087820
0.088002
0.098604
0.103395
0.095386
0.084103
0.091566
0.084142
0.124870
0.105621
0.086646
0.096654
0.084662
0.098039
0.083260
0.086418
0.095797
0.093328
0.087815
0.084575
0.085842
0.092743
0.085860
0.096570
0.100553
0.096764
0.101302
0.085387
0.083789
0.102705
0.086121
0.100907
0.086053
0.084252
0.102588
0.084310
0.085492
0.097004
0.097461
0.087554
0.090633
0.097036
0.095126
0.086441
0.112894
0.091019
0.099264
0.096772
0.085440
0.096378
0.087740
0.092760
0.084611
0.102739
0.098142
0.085907
0.091747
0.104408
0.098176
0.101876
0.095733
0.097746
0.098237
0.084767
0.093777
0.096892
0.084946
0.107719
0.084995
0.092272
0.105219
0.106636
0.092789
0.084059
0.093483
0.099754
0.095601
0.084547
0.097846
0.103436
0.086588
0.099517
0.083663
0.090996
0.098850
0.098623
0.091314
0.092204
0.086244
0.099058
0.082927
0.082843
0.111371
0.095401
0.084987
0.087506
0.107999
0.089976
0.090217
0.102231
0.098108
0.085977
0.109826
0.084793
0.085789
0.085268
0.094547
0.082882
0.142432
0.099708
0.087506
0.092243
0.085363
0.086734
0.083294
0.085858
0.101068
0.084327
0.083620
0.084224
0.092359
0.086536
0.097257
0.098963
0.090613
0.091420
0.091930
0.112037
0.097363
0.084906
0.104516
0.084426
0.084010
0.084147
0.098409
0.102918
0.085190
0.097158
0.092950
0.091362
0.094986
0.098918
0.100199
0.085495
0.096223
0.085668
0.096025
0.084180
0.093181
0.093252
0.094000
0.090863
0.083428
0.084390
0.083766
0.087007
0.085956
0.089489
0.091499
0.085845
0.086032
0.100308
0.091239
0.107853
0.104259
0.120190
0.086036
0.096354
0.086064
0.086971
0.094855
0.100098
0.119279
0.085183
0.084993
0.092445
0.092809
0.086635
0.101560
0.104466
0.086151
0.095855
0.096911
0.085607
0.096270
0.095135
0.085896
0.089875
0.092020
0.097555
0.085528
0.095891
0.084595
0.093860
0.094429
0.083607
0.083536
0.097742
0.106704
0.105232
0.093387
0.085573
0.093156
0.096495
0.107130
0.095421
0.111997
0.084724
0.088236
0.095156
0.086426
0.104513
0.100815
0.104114
0.085930
0.088385
0.083928
0.085614
0.095110
0.096780
0.097974
0.084565
0.085444
0.096258
0.084456
0.093035
0.097321
0.091883
0.097899
0.085131
0.100590
0.106033
0.097025
0.082790
0.098174
0.092911
0.085225
0.090964
0.099244
0.097973
0.088740
0.086878
0.095785
0.098604
0.084744
0.099289
0.094066
0.089800
0.105351
0.084913
0.097037
0.098712
0.104892
0.090848
0.085709
0.105904
0.084614
0.087607
0.084386
0.110463
0.097754
0.085138
0.085780
0.097062
0.097669
0.099358
0.088309
0.098292
0.083294
0.101558
0.093422
0.096360
0.096435
0.091850
0.084704
0.082592
0.107188
0.085777
0.097957
0.097772
0.094076
0.092237
0.083508
0.110749
0.091335
0.102363
0.084369
0.096875
0.090076
0.106758
0.091256
0.101237
0.084990
0.090863
0.094310
0.097977
0.093612
0.095185
0.085501
0.105638
0.102553
0.097375
0.093879
0.107022
0.101097
0.102771
0.084849
0.094708
0.090461
0.083231
0.117212
0.082336
0.098283
0.082120
0.095901
0.092136
0.096815
0.091460
0.097315
0.086525
0.096093
0.086732
0.097211
0.097279
0.120311
0.094352
0.103883
0.085862
0.088148
0.103617
0.085008
0.096481
0.083848
0.084950
0.084817
0.086630
0.100477
0.082446
0.105011
0.083105
0.088473
0.081020
0.085332
0.092371
0.083369
0.087612
0.084576
0.085512
0.100470
0.083832
0.106358
0.091414
0.086898
0.095244
0.095048
0.083120
0.084626
0.102381
0.083568
0.084917
0.096658
0.084134
0.095317
0.089131
0.094235
0.091388
0.096043
0.085965
0.084364
0.098259
0.084622
0.101768
0.099942
0.111298
0.098046
0.098299
0.095670
0.085636
0.123570
0.083721
0.102412
0.090435
0.085189
0.102099
0.085856
0.108804
0.093296
0.101707
0.082399
0.093374
0.093395
0.087164
0.094934
0.083908
0.085865
0.083749
0.084975
0.082932
0.094881
0.100965
0.081794
0.098563
0.093738
0.089216
0.092008
0.095680
0.095525
0.106513
0.107079
0.100991
0.106788
0.084220
0.097858
0.089878
0.094297
0.104397
0.090669
0.085507
0.093906
0.099234
0.103861
0.102265
0.096928
0.084694
0.099147
0.093827
0.093488
0.102609
0.093842
0.105875
0.086076
0.092954
0.085688
0.104061
0.084058
0.101097
0.108563
0.086230
0.095140
0.091601
0.092206
0.096423
0.095614
0.099350
0.084937
0.084438
0.099736
0.085747
0.100840
0.085334
0.100798
0.099115
0.095139
0.086219
0.093402
0.083406
0.098996
0.092635
0.085028
0.099926
0.083582
0.099258
0.099948
0.095310
0.090737
0.085888
0.084927
0.084732
0.101096
0.083869
0.085409
0.086101
0.085312
0.087914
0.096466
0.115286
0.085176
0.088875
0.085139
0.083174
0.100112
0.083597
0.098026
0.090393
0.083692
0.108204
0.084191
0.086613
0.095520
0.094148
0.089952
0.082613
0.103220
0.102203
0.114052
0.084376
0.110080
0.098876
0.095009
0.097180
0.094608
0.085325
0.084985
0.088019
0.091623
0.082908
0.102678
0.082825
0.101795
0.082474
0.110827
0.099539
0.090743
0.098861
0.084410
0.096350
0.086306
0.108323
0.093633
0.118520
0.099847
0.099790
0.097202
0.098890
0.092538
0.086359
0.087008
0.099837
0.085906
0.084117
0.086428
0.106044
0.083845
0.093139
0.095076
0.098573
0.094211
0.087170
0.101150
0.084464
0.087091
0.105358
0.090491
0.087095
0.093687
0.094810
0.107155
0.086693
0.092091
0.094419
0.090310
0.087529
0.085646
0.095292
0.091382
0.101094
0.085760
0.083765
0.085394
0.094364
0.095130
0.093457
0.095466
0.086137
0.082987
0.082812
0.087310
0.082683
0.111827
0.089389
0.101100
0.102064
0.095050
0.095412
0.081502
0.083444
0.104790
0.094383
0.088257
0.083821
0.098902
0.087130
0.090882
0.098509
0.096751
0.099005
0.094163
0.097715
0.102824
0.085846
0.100376
0.105607
0.090349
0.102172
0.096319
0.083325
0.090385
0.092381
0.087995
0.108177
0.085561
0.091604
0.095300
0.087355
0.084183
0.093178
0.102396
0.094230
0.099086
0.088620
0.084751
0.092369
0.083701
0.084123
0.082677
0.095996
0.095315
0.083633
0.085161
0.096770
0.084209
0.099663
0.085891
0.083349
0.095343
0.100557
0.082308
0.093622
0.083225
0.119915
0.096307
0.086358
0.088441
0.100017
0.097208
0.082180
0.108170
0.083657
0.083983
0.102673
0.084228
0.095607
0.083297
0.091360
0.100288
0.082740
0.101273
0.093510
0.086483
0.083422
0.099566
0.084000
0.083230
0.098646
0.100352
0.084928
0.098820
0.086557
0.092962
0.083944
0.096725
0.085326
0.100889
0.084649
0.085874
0.091864
0.100707
0.086218
0.096076
0.102536
0.094052
0.085288
0.083618
0.093551
0.091133
0.099751
0.094181
0.082803
0.084379
0.104208
0.108836
0.087085
0.095691
0.109113
0.096557
0.098492
0.096396
0.086625
0.102334
0.081916
0.105436
0.083766
0.116572
0.093917
0.089249
0.105340
0.094825
0.097329
0.092867
0.097864
0.093283
0.084609
0.086775
0.085197
0.085830
0.083621
0.109477
0.090703
0.084673
0.103896
0.097670
0.099425
0.094818
0.106575
0.103052
0.098225
0.092420
0.096890
0.101225
0.095557
0.093243
0.084901
0.099602
0.093733
0.091980
0.085210
0.105510
0.089367
0.091041
0.097053
0.100480
0.084917
0.095264
0.100584
0.099883
0.093800
0.086985
0.101224
0.085960
0.083084
0.086237
0.094321
0.102107
0.097098
0.100873
0.086264
0.097393
0.088029
0.095419
0.085094
0.096211
0.101233
0.096094
0.092590
0.087394
0.084846
0.101370
0.087306
0.084495
0.086808
0.087410
0.102038
0.085172
0.094013
0.108668
0.085064
0.086895
0.086320
0.086750
0.090700
0.090502
0.118630
0.094837
0.085371
0.083048
0.102633
0.089754
0.082373
0.086964
0.082071
0.085007
0.095061
0.096334
0.084346
0.082960
0.085906
0.092655
0.085683
0.085818
0.085270
0.107071
0.101440
0.086966
0.096529
0.085060
0.097482
0.085438
0.093458
0.091042
0.103993
0.095845
0.102094
0.087726
0.097092
0.096330
0.100674
0.113841
0.093056
0.089182
0.084345
0.096397
0.091405
0.082424
0.086405
0.094252
0.083512
0.090912
0.106481
0.100261
0.082751
0.108401
0.096757
0.083978
0.104284
0.086390
0.097204
0.090811
0.086011
0.086247
0.103600
0.099874
0.090188
0.101239
0.088574
0.085265
0.112545
0.085403
0.097220
0.084502
0.103083
0.103982
0.085757
0.083195
0.084767
0.093650
0.100205
0.098423
0.090834
0.095172
0.104622
0.084498
0.100009
0.084729
0.095882
0.083946
0.095611
0.084501
0.084477
0.106451
0.096129
0.084953
0.095060
0.085427
0.089799
0.085436
0.097867
0.084092
0.091456
0.101016
0.084573
0.087251
0.089026
0.085240
0.083237
0.099343
0.083543
0.084332
0.103125
0.082284
0.085255
0.101265
0.099463
0.083689
0.082843
0.113645
0.101463
0.090393
0.095921
0.097486
0.084386
0.094214
0.100605
0.085529
0.093448
0.084360
0.087307
0.084850
0.085091
0.086794
0.094748
0.096557
0.084870
0.087247
0.098720
0.082948
0.087571
0.098440
0.085659
0.083382
0.086920
0.086517
0.087522
0.109621
0.096596
0.084580
0.083140
0.092973
0.102085
0.082404
0.084787
0.090955
0.108439
0.088776
0.083307
0.105807
0.083016
0.088169
0.095975
0.103445
0.093731
0.085257
0.099840
0.104434
0.104428
0.083060
0.086699
0.083852
0.093905
0.101738
0.094476
0.092980
0.083943
0.085070
0.090146
0.107432
0.098862
0.080972
0.085414
0.095850
0.084243
0.093123
0.094940
0.095489
0.090377
0.091728
0.101691
0.095037
0.083307
0.090994
0.099386
0.093574
0.102986
0.095161
0.084387
0.097050
0.094517
0.096709
0.097424
0.109818
0.102534
0.097759
0.098790
0.106060
0.096526
0.083608
0.110682
0.090395
0.097652
0.101563
0.104347
0.083414
0.084529
0.098107
0.101733
0.097067
0.091325
0.086659
0.099135
0.096078
0.090867
0.084170
0.101200
0.083980
0.098449
0.084510
0.084635
0.097412
0.084857
0.097256
0.084810
0.102303
0.107082
0.085541
0.098432
0.083617
0.094837
0.093602
0.086494
0.083434
0.083588
0.099387
0.083617
0.085179
0.095053
0.093349
0.089176
0.083868
0.086642
0.083909
0.084950
0.093062
0.085213
0.089126
0.086453
0.090622
0.096771
0.096084
0.083811
0.103307
0.119588
0.083604
0.086360
0.094340
0.084812
0.091190
0.088386
0.101198
0.097587
0.086697
0.098319
0.086198
0.101583
0.087294
0.094020
0.097359
0.091153
0.085022
0.086121
0.096674
0.085630
0.092882
0.100808
0.096925
0.085427
0.084359
0.095496
0.112178
0.088168
0.089274
0.092707
0.098609
0.096993
0.091906
0.085232
0.099366
0.092845
0.087435
0.094253
0.089241
0.083278
0.084399
0.097649
0.095320
0.085838
0.099018
0.083755
0.101236
0.087245
0.101071
0.083817
0.114930
0.093552
0.085053
0.091862
0.109350
0.094475
0.083812
0.086894
0.091060
0.104705
0.095180
0.094645
0.094869
0.084010
0.085507
0.084597
0.099755
0.091976
0.085722
0.103196
0.092008
0.095351
0.107188
0.084636
0.083708
0.085904
0.098025
0.092141
0.096288
0.091313
0.112006
0.095296
0.099451
0.088426
0.083918
0.086499
0.090793
0.098936
0.093996
0.093708
0.093707
0.083380
0.096080
0.088009
0.086416
0.087284
0.095396
0.098621
0.090992
0.098281
0.094371
0.086545
0.094899
0.084612
0.112604
0.088522
0.115271
0.091623
0.103317
0.082462
0.086037
0.091025
0.097127
0.085949
0.083259
0.096460
0.094325
0.103001
0.090284
0.080925
0.105352
0.082208
0.100207
0.088980
0.085713
0.094540
0.082890
0.085466
0.090853
0.087189
0.106566
0.095682
0.111045
0.083732
0.086399
0.092149
0.090848
0.084379
0.086083
0.090373
0.090449
0.107857
0.100908
0.099773
0.097544
0.099004
0.092864
0.096191
0.108382
0.095503
0.085221
0.081807
0.097784
0.093490
0.093258
0.096476
0.082367
0.100249
0.093399
0.085323
0.108486
0.081488
0.085672
0.097368
0.096625
0.096254
0.108382
0.082663
0.082159
0.102848
0.083641
0.086929
0.092668
0.096834
0.091878
0.103159
0.108870
0.083025
0.101508
0.092549
0.112366
0.098062
0.097217
0.099474
0.103937
0.084913
0.099935
0.097186
0.083856
0.098345
0.097124
0.084456
0.099754
0.084055
0.098636
0.084724
0.089527
0.095152
0.083999
0.098181
0.097840
0.096757
0.084524
0.089775
0.092344
0.082847
0.097391
0.084766
0.093033
0.090045
0.083963
0.086009
0.086300
0.098766
0.084883
0.108837
0.095267
0.084586
0.107972
0.085371
0.085512
0.083483
0.110821
0.096808
0.084502
0.087253
0.084102
0.086292
0.084407
0.104948
0.096036
0.085390
0.090718
0.084395
0.091869
0.088117
0.100893
0.095785
0.085220
0.089626
0.096646
0.085094
0.096344
0.086661
0.092236
0.081974
0.086990
0.093144
0.087322
0.095502
0.086444
0.099076
0.092312
0.101558
0.098115
0.097181
0.093727
0.121453
0.093424
0.103298
0.099744
0.098935
0.096269
0.084093
0.110668
0.083926
0.084287
0.092260
0.083030
0.085911
0.085262
0.087884
0.085143
0.101746
0.104865
0.101215
0.087437
0.081361
0.088284
0.092589
0.090411
0.103960
0.100397
0.085762
0.100561
0.093468
0.082411
0.081140
0.109666
0.102932
0.096051
0.082938
0.087873
0.102951
0.100507
0.086524
0.096057
0.097900
0.083017
0.102431
0.083006
0.099519
0.094157
0.089454
0.096814
0.103640
0.091957
0.095226
0.093791
0.113060
0.088486
0.085538
0.102362
0.100978
0.100118
0.094233
0.093672
0.085001
0.087218
0.085316
0.096507
0.096498
0.113773
0.086531
0.085489
0.084418
0.103198
0.095632
0.082455
0.104448
0.083760
0.084718
0.091305
0.095719
0.099537
0.083135
0.103138
0.095566
0.085383
0.099239
0.105999
0.093220
0.095911
0.103117
0.084916
0.103767
0.083890
0.104788
0.093428
0.082622
0.095234
0.092492
0.085608
0.095334
0.087637
0.097631
0.084758
0.087829
0.098458
0.086363
0.086849
0.101522
0.108168
0.082701
0.086714
0.087257
0.087065
0.103904
0.086628
0.102195
0.083750
0.107074
0.096357
0.085878
0.094998
0.105595
0.093928
0.083174
0.096663
0.094595
0.101724
0.093493
0.090582
0.092075
0.083452
0.086354
0.085778
0.085474
0.095437
0.099194
0.103814
0.099511
0.109565
0.093699
0.097346
0.096676
0.095882
0.096375
0.096718
0.097904
0.101593
0.104385
0.097864
0.098109
0.092023
0.101236
0.096601
0.084652
0.097712
0.084229
0.093105
0.097927
0.091679
0.100841
0.089911
0.085720
0.087440
0.090757
0.093897
0.084473
0.085879
0.082285
0.100993
0.094267
0.094053
0.099633
0.091332
0.103850
0.083966
0.101497
0.096235
0.113328
0.095574
0.112970
0.096162
0.104063
0.088243
0.092136
0.093620
0.088390
0.092587
0.094363
0.085428
0.091554
0.092002
0.102952
