1.746437
1.709320
1.760742
1.667454
1.808805
1.640750
1.662539
1.684838
1.744235
1.683160
1.675574
1.659987
1.655265
1.657486
1.639339
1.639572
1.760223
1.664186
1.654380
1.607679
1.667956
1.652119
1.651989
1.659530
1.654196
1.684459
1.619965
1.688692
1.642700
1.654065
1.658663
1.758409
1.610993
1.668699
1.703351
1.676285
1.693711
1.664979
1.644244
1.708865
1.608487
1.635365
1.647407
1.656633
1.712633
1.663724
1.642340
1.684671
1.636144
1.683090
1.654678
1.634186
1.634288
1.637986
1.701051
1.638610
1.699155
1.633811
1.666085
1.637999
1.630585
1.679282
1.627827
1.687462
1.640521
1.688602
1.609270
1.651628
1.654486
1.646873
1.640550
1.636901
1.651406
1.643308
1.694808
1.631657
1.683736
1.613292
1.613974
1.635673
1.626709
1.612293
1.620581
1.594978
1.646188
1.618027
1.776860
1.711961
1.737075
1.652055
1.718864
1.707037
1.609254
1.693412
1.627769
1.688088
1.615255
1.649476
1.633855
1.617551
1.614484
1.630524
1.651657
1.642678
1.639178
1.643666
1.627161
1.662130
1.665862
1.665626
1.670916
1.676365
1.642182
1.652103
1.650124
1.693325
1.623418
1.648067
1.655253
1.651867
1.671532
1.654404
1.613397
1.659862
1.630212
1.653627
1.635834
1.630350
1.625566
1.735266
1.622347
1.641318
1.606203
1.614547
1.594505
1.686931
1.611319
1.602900
1.619755
1.657253
1.607119
1.609297
1.592673
1.650417
1.619650
1.725727
1.650936
1.683418
1.639896
1.664736
1.608222
1.674387
1.618019
1.611157
1.610777
1.649900
1.640445
1.618660
1.673863
1.631913
1.617704
1.662719
1.752242
1.675692
1.681891
1.703676
1.691657
1.648602
1.634182
1.605312
1.756747
1.703924
1.718466
1.707906
1.664283
1.627629
1.604038
1.619412
1.692721
1.649440
1.604254
1.614067
1.674251
1.666043
1.643189
1.660024
1.677859
1.656965
1.650208
1.602710
1.631847
1.651134
1.642296
1.643632
1.632179
1.611320
1.646872
1.603323
1.633641
1.640423
1.655865
1.653456
1.632074
1.664000
1.641163
1.646427
1.638820
1.605948
1.657110
1.637960
1.742626
1.621363
1.728122
1.620419
1.696273
1.635911
1.642035
1.611002
1.596072
1.628942
1.621208
1.610603
1.597399
1.620128
1.624102
1.610149
1.597771
1.614744
1.640025
1.635683
1.644799
1.758958
1.702461
1.662820
1.642361
1.648909
1.632675
1.648532
1.637450
1.665498
1.664540
1.681475
1.617426
1.634940
1.690564
1.795526
1.697556
1.620233
1.719477
1.641205
1.707915
1.624570
1.627271
1.661672
1.636242
1.714304
1.600074
1.735094
1.741502
1.712006
1.643081
1.651839
1.616324
1.659537
1.666362
1.619245
1.623980
1.683982
1.639956
1.629258
1.626147
1.652942
1.692498
1.673830
1.673745
1.702203
1.609079
1.605413
1.653979
1.610358
1.614197
1.606555
1.619912
1.743020
1.712160
1.636136
1.674062
1.668450
1.694580
1.653086
1.667178
1.706926
1.658558
1.619696
1.658885
1.648840
1.662860
1.652256
1.607234
1.604601
1.743425
1.635636
1.683612
1.654790
1.718200
1.719733
1.668266
1.633740
1.636056
1.698868
1.695129
1.678207
1.654842
1.621158
1.679626
1.615941
1.631775
1.625980
1.604920
1.635989
1.660436
1.687635
1.629549
1.626321
1.658563
1.691116
1.671092
1.620878
1.613222
1.655696
1.664333
1.745223
1.687584
1.606140
1.693154
1.633658
1.629225
1.700920
1.653653
1.619517
1.621885
1.608593
1.646949
1.612875
1.682048
1.629061
1.632151
1.615993
1.732806
1.627686
1.640077
1.708894
1.718916
1.707208
1.594168
1.662563
1.715571
1.672623
1.630307
1.637158
1.700264
1.629043
1.641202
1.654600
1.653990
1.634689
1.652046
1.637375
1.678049
1.633725
1.602642
1.623456
1.760555
1.604250
1.629412
1.665525
1.701151
1.642838
1.627872
1.603786
1.623022
1.607082
1.624294
1.614549
1.704542
1.615985
1.626873
1.635988
1.633904
1.674210
1.641149
1.610951
1.635777
1.649476
1.690300
1.706824
1.680010
1.636835
1.651851
1.695841
1.645404
1.624161
1.686297
1.683780
1.674044
1.614471
1.651641
1.681019
1.722522
1.632479
1.725320
1.735666
1.651575
1.598855
1.612519
1.616214
1.612017
1.603520
1.647635
1.609363
1.686387
1.621859
1.611925
1.735328
1.641043
1.609869
1.673573
1.642183
1.606312
1.617232
1.621082
1.635564
1.631853
1.687760
1.702267
1.694425
1.706220
1.683591
1.633633
1.661804
1.662703
1.640104
1.633152
1.644953
1.681269
1.620175
1.652554
1.652667
1.679658
1.621938
1.621334
1.636072
1.623448
1.636116
1.645382
1.621304
1.649016
1.609112
1.644746
1.631853
1.765790
1.683840
1.636714
1.683270
1.634994
1.715340
1.639369
1.681531
1.629941
1.643082
1.652619
1.706410
1.599753
1.628829
1.653558
1.714080
1.704552
1.723317
1.656713
1.622824
1.683532
1.725102
1.678348
1.656566
1.644377
1.609119
1.671554
1.680455
1.667572
1.691293
1.616458
1.617233
1.611506
1.679040
1.634741
1.638984
1.660233
1.748989
1.611570
1.685626
1.634871
1.637407
1.636994
1.607904
1.686110
1.681846
1.620603
1.674191
1.745665
1.624749
1.618924
1.599863
1.732451
1.667481
1.659548
1.627619
1.658287
1.685778
1.722437
1.667110
1.627380
1.647233
1.624214
1.632212
1.607098
1.624406
1.652141
1.635009
1.709876
1.635018
1.706298
1.615211
1.646213
1.630642
1.654007
1.700414
1.620967
1.636953
1.604730
1.676916
1.637989
1.655033
1.615211
1.651730
1.682668
1.635942
1.704276
1.753089
1.682997
1.649406
1.700887
1.709254
1.699689
1.704666
1.617579
1.637700
1.690089
1.617835
1.627191
1.643110
1.660468
1.647092
1.626552
1.623872
1.617381
1.661749
1.685340
1.681412
1.739784
1.704614
1.633778
1.660778
1.714995
1.639342
1.691197
1.640944
1.690577
1.611514
1.673702
1.634946
1.607496
1.655366
1.634786
1.663341
1.608683
1.674363
1.663293
1.625498
1.605789
1.629008
1.617415
1.644071
1.638972
1.694075
1.617451
1.648377
1.671973
1.717180
1.667365
1.716186
1.638213
1.639368
1.623370
1.646574
1.612003
1.608142
1.621134
1.639085
1.656006
1.613247
1.677828
1.667379
1.649873
1.590782
1.631548
1.632336
1.654008
1.598789
1.626923
1.666152
1.613449
1.603848
1.659164
1.648828
1.669893
1.675142
1.654073
1.698373
1.667297
1.677248
1.632210
1.627910
1.610162
1.628336
1.602126
1.755059
1.665717
1.699245
1.684392
1.629810
1.631022
1.629006
1.669785
1.653286
1.711702
1.612247
1.685735
1.655895
1.719924
1.624135
1.683418
1.606157
1.690708
1.614148
1.628071
1.605386
1.667000
1.674158
1.636542
1.645350
1.675578
1.744419
1.654313
1.696838
1.623893
1.643867
1.689609
1.635838
1.669792
1.615115
1.613534
1.654756
1.635321
1.632612
1.628951
1.762666
1.718692
1.627647
1.650366
1.624470
1.680494
1.641151
1.701709
1.627666
1.707502
1.641399
1.674289
1.713524
1.631049
1.629103
1.661410
1.715430
1.675457
1.664774
1.659541
1.654716
1.619321
1.646228
1.678577
1.635383
1.684786
1.628341
1.659585
1.618692
1.664084
1.604319
1.606098
1.623420
1.629172
1.696566
1.746004
1.664076
1.664434
1.642078
1.641407
1.670062
1.698014
1.657423
1.670486
1.638658
1.625928
1.637324
1.654350
1.646889
1.611298
1.660135
1.639700
1.656200
1.639637
1.632054
1.637387
1.661992
1.639080
1.629157
1.646951
1.623174
1.609577
1.680315
1.629055
1.700529
1.663652
1.648613
1.659593
1.659861
1.694359
1.611072
1.687272
1.606101
1.637933
1.619407
1.669866
1.677160
1.680097
1.612569
1.724506
1.682567
1.657376
1.804577
1.595297
1.701606
1.649474
1.702592
1.641428
1.638834
1.661041
1.661445
1.613869
1.629503
1.653331
1.678840
1.605788
1.643844
1.693097
1.621004
1.612475
1.623530
1.641880
1.608620
1.637676
1.603925
1.682263
1.720673
1.619892
1.607556
1.667932
1.642963
1.673891
1.613963
1.645789
1.666102
1.649645
1.660458
1.655188
1.690945
1.653202
1.670677
1.595421
1.700184
1.666978
1.640541
1.678874
1.620619
1.673869
1.701931
1.629756
1.666248
1.721215
1.690523
1.731046
1.621817
1.656326
1.660341
1.686477
1.631739
1.675501
1.669816
1.667083
1.666257
1.623633
1.639785
1.773759
1.719446
1.625607
1.662115
1.697107
1.687834
1.802573
1.625758
1.661972
1.633941
1.638738
1.675142
1.637888
1.627831
1.631040
1.651797
1.691240
1.677393
1.712806
1.660279
1.623303
1.716245
1.679136
1.672297
1.668639
1.644228
1.648058
1.757292
1.728908
1.621451
1.690003
1.642979
1.671215
1.666115
1.638000
1.652627
1.683031
1.626011
1.659766
1.634804
1.658390
1.633025
1.624945
1.756366
1.653969
1.631349
1.627007
1.705186
1.701988
1.661254
1.682764
1.673675
1.638759
1.663970
1.629018
1.648737
1.639453
1.719579
1.642112
1.677463
1.639180
1.713170
1.634797
1.633485
1.655556
1.658351
1.718824
1.652879
1.620925
1.673305
1.667878
1.629906
1.640447
1.682820
1.687790
1.651713
1.638923
1.700819
1.733019
1.690417
1.634076
1.662292
1.688417
1.684668
1.635953
1.656021
1.653168
1.631877
1.663203
1.742016
1.645736
1.683536
1.652791
1.660347
1.693435
1.633715
1.660070
1.697247
1.611753
1.620471
1.676177
1.652970
1.628121
1.620318
1.694997
1.669841
1.695647
1.660688
1.709126
1.663539
1.704590
1.658979
1.634417
1.784185
1.623030
1.661959
1.679910
1.655096
1.656898
1.661399
1.674409
1.612470
1.682298
1.653630
1.704294
1.718617
1.653304
1.631766
1.639868
1.702530
1.649880
1.627530
1.722689
1.661286
1.654074
1.672688
1.678167
1.764312
1.680441
1.712363
1.666356
1.744810
1.659284
1.637316
1.677221
1.659083
1.656739
1.655228
1.695389
1.628158
1.719310
1.625669
1.635239
1.665187
1.671557
1.675510
1.665058
1.682510
1.638925
1.630635
1.695019
1.703740
1.735747
1.679569
1.627353
1.674040
1.783084
1.795846
1.718678
1.676456
1.715171
1.677397
1.661369
1.702436
1.669550
1.671624
1.712310
1.638656
1.661047
1.657720
1.682004
1.639192
1.632886
1.664385
1.676157
1.630097
1.652642
1.623292
1.679155
1.651841
1.697604
1.668210
1.669051
1.689454
1.702050
1.669735
1.655652
1.699855
1.629791
1.656776
1.657857
1.643631
1.653710
1.696289
1.625920
1.618907
1.685878
1.630888
1.660171
1.657673
1.640751
1.704007
1.678428
1.628953
1.624944
1.723231
1.687310
1.654021
1.723261
1.716950
1.652216
1.719661
1.648583
1.662981
1.730430
1.744143
1.704174
1.691141
1.716646
1.626731
1.669247
1.635757
1.692622
1.652491
1.705748
1.664140
1.650825
1.644999
1.630758
1.716806
1.727380
1.663829
1.695732
1.652057
1.662639
1.625562
1.723710
1.721144
1.699404
1.625892
1.660389
1.717860
1.667714
1.646906
1.621111
1.688386
1.663198
1.764750
1.749090
1.665387
1.688965
1.679028
1.707878
1.651827
1.719752
1.746980
1.685307
1.706967
1.622913
1.701654
1.713561
1.686273
1.721446
1.701906
1.638526
1.672585
1.707006
1.638004
1.640553
1.684941
1.686823
1.629559
1.670262
1.628916
1.720570
1.665356
1.696572
1.668221
1.745022
1.705793
1.632670
1.828307
1.773943
1.644310
1.651834
1.620223
1.677376
1.625820
1.695348
1.672565
1.769097
1.695732
1.710317
1.679197
1.669110
1.639436
1.627792
1.680215
1.644000
1.728976
1.694659
1.636099
1.655989
1.665362
1.639096
1.684930
1.800587
1.836296
1.670465
1.672340
1.660134
1.672688
1.690135
1.714297
1.633797
1.694929
1.655001
1.642090
1.641369
1.684880
1.773909
1.686875
1.626382
1.625513
1.703037
1.645349
1.609176
1.764828
1.665363
1.650376
1.614881
1.675881
1.625637
1.644630
1.671659
1.698427
1.672211
1.668271
1.674021
1.605142
1.734249
1.684748
1.661082
1.669581
1.639694
1.709949
1.635911
1.652781
1.666201
1.694088
1.641637
1.599059
1.653045
1.665056
1.626634
1.662089
1.626073
1.620738
1.642885
1.625365
1.696527
1.714411
1.609368
1.648071
1.633380
1.677237
1.617048
1.611074
1.610445
1.624565
1.656891
1.618704
1.613835
1.657488
1.631978
1.731400
1.629420
1.642066
1.638855
1.811614
1.684622
1.627802
1.689604
1.626939
1.670807
1.628168
1.634511
1.693323
1.620204
1.614309
1.629660
1.688304
1.684089
1.725510
1.630433
1.639299
1.716545
1.614705
1.679463
1.671879
1.638251
1.701091
1.665592
1.667063
1.664180
1.659037
1.662309
1.665268
1.720683
1.694200
1.663736
1.628316
1.628206
1.698898
1.684958
1.674439
1.697236
1.621802
1.652153
1.646094
1.656994
1.664729
1.689218
1.649135
1.623316
1.614199
1.709226
1.686418
1.630380
1.704518
1.726269
1.659349
1.690016
1.612995
1.628087
1.630393
1.660017
1.673863
1.645926
1.678523
1.633493
1.613888
1.700155
1.635889
1.610678
1.666251
1.752558
1.680787
1.666018
1.681071
1.635447
1.695254
1.682477
1.668314
1.653183
1.671024
1.651323
1.649474
1.664973
1.637115
1.615467
1.765886
1.650307
1.638805
1.635276
1.629328
1.651265
1.714795
1.599980
1.679176
1.757216
1.687333
1.625264
1.665428
1.661112
1.688056
1.674264
1.699696
1.698057
1.653908
1.757805
1.714661
1.624495
1.678901
1.685662
1.705641
1.624904
1.677193
1.661678
1.631603
1.683399
1.652901
1.628736
1.670766
1.661989
1.690316
1.626357
1.642123
1.714461
1.638518
1.695440
1.630633
1.721076
1.672017
1.651833
1.629751
1.755312
1.740014
1.691707
1.684682
1.636200
1.630788
1.657966
1.629889
1.678197
1.694787
1.631108
1.621758
1.664262
1.655850
1.667238
1.606514
1.629878
1.608900
1.657821
1.647850
1.727577
1.722007
1.637778
1.641464
1.632468
1.682443
1.667376
1.655214
1.656529
1.690897
1.702131
1.698818
1.680519
1.688906
1.690070
1.633586
1.600230
1.657775
1.708384
1.654686
1.654421
1.602380
1.661110
1.653879
1.616073
1.601249
1.671750
1.647675
1.652822
1.684494
1.706344
1.763435
1.763185
1.632734
1.643668
1.740026
1.640028
1.669808
1.649083
1.621434
1.611354
1.730441
1.647402
1.678189
1.621375
1.655519
1.651180
1.694879
1.743462
1.661761
1.719247
1.732496
1.638469
1.650379
1.630348
1.620008
1.636677
1.760578
1.626766
1.628684
1.637834
1.687662
1.666395
1.633991
1.675372
1.628560
1.732749
1.670644
1.629245
1.653552
1.640388
1.660195
1.656604
1.638670
1.636250
1.614724
1.687089
1.615108
1.709215
1.736405
1.732161
1.632371
1.630781
1.739386
1.664308
1.666872
1.641227
1.682655
1.686887
1.682766
1.630575
1.679261
1.651422
1.627285
1.625108
1.618652
1.631014
1.655626
1.659025
1.621113
1.738533
1.603786
1.680125
1.654168
1.663740
1.757069
1.723521
1.700312
1.653279
1.637404
1.649858
1.765176
1.672439
1.663542
1.686371
1.673148
1.631484
1.720157
1.702257
1.669171
1.628961
1.721422
1.658074
1.643862
1.699979
1.667931
1.641132
1.632107
1.629965
1.750020
1.734190
1.654501
1.646483
1.628689
1.639391
1.735958
1.676861
1.614921
1.694216
1.692006
1.646661
1.635800
1.667499
1.630747
1.682354
1.687625
1.618918
1.649425
1.651842
1.636724
1.627491
1.653672
1.624431
1.705189
1.739401
1.643150
1.600137
1.638687
1.623495
1.650745
1.641912
1.669718
1.755040
1.678014
1.609067
1.648842
1.644413
1.670411
1.647236
1.616947
1.645036
1.664117
1.637822
1.709063
1.664684
1.624311
1.628630
1.675100
1.649884
1.651100
1.710055
1.615996
1.617377
1.684295
1.683058
1.678551
1.633485
1.673021
1.611224
1.658902
1.610796
1.675250
1.641858
1.613308
1.601724
1.617951
1.599685
1.680766
1.700283
1.628142
1.648590
1.661557
1.609369
1.653370
1.654969
1.677240
1.697349
1.665906
1.690079
1.596950
1.608863
1.610097
1.636091
1.640259
1.678833
1.629754
1.651442
1.680375
1.622354
1.650485
1.710653
1.689661
1.758290
1.660278
1.625367
1.657736
1.687456
1.677650
1.656294
1.615043
1.612748
1.651738
1.661044
1.676911
1.682096
1.689844
1.736680
1.645289
1.724672
1.616720
1.733463
1.659667
1.669376
1.719519
1.629966
1.728180
1.660666
1.693095
1.710535
1.706091
1.663950
1.668361
1.632884
1.615397
1.642948
1.630387
1.625229
1.645688
1.607840
1.650553
1.723656
1.679632
1.683252
1.639714
1.687173
1.657214
1.664708
1.629299
1.663925
1.671237
1.638180
1.717024
1.663552
1.764586
1.685738
1.658640
1.757104
1.604071
1.622028
1.678603
1.704804
1.712408
1.627724
1.707619
1.697540
1.627230
1.618843
1.649389
1.636603
1.637799
1.608391
1.703153
1.635751
1.601160
1.603471
1.639684
1.686824
1.741071
1.632077
1.693094
1.622768
1.609759
1.646347
1.666535
1.607573
1.661846
1.645557
1.626679
1.602064
1.673936
1.610920
1.657321
1.603284
1.665636
1.663814
1.656963
1.650508
1.627070
1.629559
1.630854
1.626814
1.625448
1.622102
1.600558
1.614694
1.649151
1.613461
1.620420
1.614167
1.667795
1.625443
1.634276
1.660490
1.743315
1.630897
1.595487
1.626049
1.726693
1.635069
1.604836
1.659189
1.619262
1.623177
1.611764
1.684285
1.617899
1.727568
1.707747
1.704854
1.642733
1.611366
1.714431
1.716308
1.635219
1.723960
1.647558
1.656446
1.665853
1.719685
1.619685
1.612377
1.615734
1.701148
1.663382
1.715933
1.674857
1.741680
1.626667
1.658849
1.713891
1.628352
1.636377
1.665855
1.711600
1.666674
1.670701
1.687765
1.684918
1.613079
1.695196
1.629251
1.661269
1.670883
1.668537
1.697723
1.773481
1.625818
1.643346
1.647616
1.627628
1.614157
1.608266
1.683338
1.681968
1.616255
1.612975
1.617942
1.654598
1.659791
1.639111
1.663489
1.742053
1.690540
1.617300
1.666100
1.689117
1.623516
1.617122
1.662282
1.713400
1.672542
1.619390
1.665669
1.656624
1.707642
1.656618
1.721318
1.636780
1.671068
1.647586
1.614544
1.673887
1.700969
1.658932
1.624888
1.653310
1.601068
1.762416
1.625719
1.667979
1.657321
1.668004
1.694771
1.724177
1.663401
1.650083
1.630164
1.618085
1.613797
1.625577
1.630572
1.653328
1.683051
1.616053
1.630509
1.616923
1.609700
1.669531
1.685384
1.642150
1.671932
1.640261
1.639522
1.599514
1.634644
1.619293
1.666693
1.656692
1.617392
1.603956
1.712516
1.613972
1.633893
1.666204
1.631002
1.623715
1.682781
1.664547
1.632683
1.681634
1.652093
1.662821
1.640574
1.627206
1.605293
1.667788
1.652182
1.675454
1.701479
1.624113
1.632045
1.631389
1.614919
1.656281
1.595742
1.619989
1.613640
1.660265
1.622910
1.638376
1.632191
1.660120
1.611027
1.616669
1.677728
1.672198
1.651353
1.633616
1.633758
1.694662
1.637799
1.639311
1.636865
1.656081
1.638514
1.636672
1.668686
1.650052
1.717348
1.641687
1.699506
1.679528
1.638355
1.638661
1.656938
1.702331
1.690306
1.701971
1.615021
1.683367
1.677984
1.663126
1.630675
1.620062
1.623757
1.634176
1.677773
1.613206
1.709421
1.654825
1.633377
1.604978
1.663983
1.610931
1.656038
1.620138
1.750090
1.656596
1.633935
1.613389
1.624188
1.614440
1.639876
1.649512
1.715664
1.680057
1.686476
1.640166
1.635723
1.647270
1.683261
1.742362
1.597781
1.653122
1.755840
1.642421
1.674593
1.615961
1.736153
1.612968
1.737436
1.625503
1.628136
1.618945
1.637200
1.633311
1.647013
1.698152
1.640287
1.663394
1.646024
1.636386
1.675010
1.653292
1.680974
1.677692
1.640735
1.666122
1.625479
1.687363
1.661255
1.684000
1.653019
1.668048
1.635718
1.649805
1.692360
1.679599
1.670905
1.642235
1.623154
1.612658
1.657849
1.654140
1.686523
1.646925
1.693183
1.620601
1.650774
1.639179
1.665102
1.689567
1.688620
1.654908
1.640588
1.669472
1.640623
1.695369
1.601356
1.697340
1.711909
1.649051
1.609888
1.669979
1.687087
1.631341
1.619953
1.658388
1.651204
1.672755
1.657703
1.614686
1.648706
1.648429
1.711049
1.630456
1.630875
1.623186
1.649179
1.600732
1.709930
1.683074
1.698277
1.646076
1.677823
1.639293
1.633080
1.666014
1.657357
1.644340
1.671235
1.690871
1.608135
1.747780
1.660630
1.694124
1.610473
1.701423
1.641732
1.617778
1.761317
1.722234
1.714189
1.845998
1.639292
1.746716
1.637613
1.674692
1.645420
1.658372
1.652911
1.716008
1.683252
1.704901
1.619056
1.633465
1.632726
1.607624
1.627214
1.631171
1.674407
1.650777
1.663344
1.629212
1.644528
1.645494
1.683426
1.786182
1.734941
1.623556
1.622083
1.639887
1.637238
1.729149
1.662999
1.663112
1.594176
1.667148
1.604033
1.623093
1.613148
1.678609
1.681239
1.615988
1.610217
1.709945
1.653144
1.668914
1.648516
1.620658
1.682749
1.640824
1.693042
1.590785
1.668468
1.629809
1.629379
1.731897
1.623046
1.608240
1.621762
1.592713
1.655352
1.614429
1.682630
1.635305
1.686938
1.661970
1.665835
1.613489
1.604179
1.652101
1.630532
1.617310
1.650682
1.711761
1.644967
1.652514
1.605669
1.626482
1.603760
1.711341
1.696778
1.673646
1.678052
1.614611
1.622990
1.645926
1.607950
1.659204
1.621597
1.619880
1.625908
1.653941
1.626410
1.608111
1.605392
1.678862
1.683752
1.635548
1.614278
1.683329
1.614941
1.664155
1.641137
1.622314
1.674226
1.626937
1.714347
1.621589
1.649475
1.677363
1.652908
1.604756
1.642973
1.633590
1.675325
1.674686
1.701982
1.623126
1.629826
1.633276
1.639145
1.664586
1.667303
1.666912
1.619168
1.666836
1.615256
1.637402
1.621536
1.635562
1.620427
1.722102
1.680748
1.643566
1.695435
1.629096
1.679976
1.672362
1.616802
1.612844
1.658918
1.608768
1.683204
1.627854
1.626575
1.608938
1.640327
1.624202
1.625079
1.603308
1.669785
1.601777
1.659774
1.603503
1.633873
1.595482
1.758641
1.645772
1.657937
1.591388
1.632708
1.613145
1.628010
1.638067
1.620848
1.608938
1.614727
1.640935
1.674037
1.635663
1.621535
1.612939
1.623990
1.693854
1.617948
1.605404
1.707289
1.694738
1.682601
1.720899
1.619559
1.688853
1.753116
1.620545
1.621170
1.640839
1.662767
1.732270
1.680089
1.646189
1.634402
1.649218
1.647381
1.588608
1.708815
1.622676
1.661468
1.695383
1.639960
1.624508
1.632112
1.655405
1.692754
1.646960
1.640311
1.669312
1.601253
1.694108
1.682196
1.669210
1.612079
1.623548
1.625555
1.658252
1.580359
1.659724
1.647123
1.631311
1.594017
1.660106
1.615685
1.629207
1.631231
1.677763
1.652111
1.642845
1.626313
1.704796
1.698855
1.656754
1.693728
1.641519
1.655480
1.667785
1.697070
1.622167
1.635885
1.624816
1.652445
1.603219
1.664735
1.663012
1.648687
1.626742
1.642445
1.654976
1.607438
1.662893
1.611691
1.629739
1.628947
1.639712
1.688915
1.652526
1.628178
1.651936
1.628975
1.735752
1.645310
1.664731
1.597355
1.643733
1.635648
1.729727
1.649369
1.629838
1.711430
1.760101
1.699037
1.615265
1.762015
1.697200
1.639217
1.685364
1.676632
1.673201
1.720526
1.683771
1.625063
1.744650
1.669896
1.658274
1.725498
1.658581
1.752974
1.702611
1.754071
1.645175
1.710642
1.692104
1.747824
1.646197
1.620519
1.668500
1.685424
1.722323
1.633372
1.646393
1.634363
1.631877
1.686553
1.672419
1.780942
1.664154
1.709867
1.610537
1.612709
1.626527
1.680420
1.611159
1.619477
1.627102
1.670683
1.631688
1.675037
1.634809
1.682672
1.714394
1.640792
1.650917
1.673164
1.709221
1.668044
1.665168
1.779153
1.699221
1.705145
1.650455
1.713441
1.636110
1.629048
1.636122
1.708855
1.630301
1.668312
1.633802
1.611104
1.653192
1.702073
1.692660
1.629763
1.723630
1.652591
1.718719
1.631675
1.629948
1.684181
1.629323
1.661915
1.674014
1.722190
1.669540
1.634691
1.604638
1.693616
1.611222
1.664546
1.588222
1.770606
1.686138
1.619002
1.641031
1.648574
1.674642
1.645010
1.734870
1.594306
1.626752
1.625106
1.733465
1.645410
1.624642
1.659974
1.631932
1.627381
1.674804
1.626162
1.617396
1.654001
1.640686
1.636116
1.643400
1.658332
1.651695
1.630099
1.649262
1.617565
1.628849
1.632108
1.688882
1.683823
1.614158
1.718761
1.603955
1.713528
1.645621
1.653320
1.658705
1.610181
1.625447
1.614122
1.645482
1.643065
1.684074
1.627986
1.754789
1.653813
1.626499
1.605780
1.616061
1.620359
1.625524
1.635569
1.710813
1.597035
1.676149
1.650035
1.617327
1.598460
1.701831
1.609752
1.675049
1.688060
1.695640
1.607262
1.627651
1.615328
1.752724
1.614122
1.683988
1.635161
1.628795
1.630491
1.661770
1.632590
1.649609
1.630043
1.597902
1.662442
1.699792
1.694771
1.648508
1.703027
1.626024
1.638753
1.639939
1.651603
1.626250
1.606893
1.614677
1.631835
1.615848
1.629334
1.642025
1.657005
1.669602
1.601707
1.630770
1.649088
1.690565
1.680820
1.622456
1.707732
1.640151
1.707787
1.662136
1.682970
1.698792
1.699802
1.633189
1.633948
1.650641
1.644715
1.603258
1.716553
1.597598
1.658900
1.674530
1.626142
1.689373
1.664135
1.619164
1.659262
1.667431
1.638385
1.700530
1.631733
1.627783
1.619695
1.638693
1.728198
1.729546
1.640904
1.636537
1.632347
1.641760
1.705260
1.649341
1.708984
1.611170
1.656542
1.589854
1.632844
1.611286
1.619326
1.600083
1.675088
1.652247
1.625982
1.608064
1.658001
1.620919
1.619787
1.592980
1.627482
1.631701
1.611823
1.594377
1.712890
1.602083
1.626840
1.632070
1.734607
1.620255
1.663710
1.651734
1.649122
1.742615
1.697401
1.652604
1.593070
1.649323
1.649547
1.675225
1.603514
1.678934
1.799775
1.646079
1.625245
1.607463
1.675697
1.627321
1.643728
1.659468
1.668577
1.626259
1.667068
1.613798
1.639605
1.676242
1.638162
1.618588
1.710000
1.670049
1.675545
1.736820
1.680496
1.722303
1.686159
1.778181
1.646146
1.641051
1.682225
1.667037
1.696503
1.655876
1.631831
1.603548
1.757355
1.606537
1.623075
1.610085
1.696985
1.609120
1.633942
1.664707
1.667408
1.772580
1.722290
1.706118
1.771402
1.640433
1.604787
1.632552
1.665108
1.636299
1.600278
1.654056
1.623050
1.678270
1.660226
1.629167
1.686553
1.660389
1.626722
1.611747
1.625129
1.603145
1.655608
1.650865
1.638524
1.645150
1.669192
1.581404
1.740833
1.642305
1.643325
1.603161
1.616865
1.663623
1.648904
1.661809
1.653947
1.680001
1.631556
1.649974
1.647601
1.620157
1.599375
1.617088
1.669715
1.654238
1.600477
1.737437
1.609222
1.662358
1.646444
1.634169
1.598032
1.627593
1.635853
1.619344
1.609769
1.671632
1.640512
1.639868
1.678216
1.659411
1.634233
1.661852
1.667644
1.658625
1.637019
1.642083
1.678203
1.645168
1.645599
1.683066
1.636467
1.620288
1.615054
1.605436
1.630133
1.636092
1.656150
1.636605
1.655590
1.653608
1.666222
1.744610
1.646155
1.652106
1.618692
1.673739
1.593823
1.666899
1.614977
1.693827
1.694421
1.683251
1.668038
1.630984
1.679958
1.654352
1.654919
1.664214
1.618355
1.713234
1.702213
1.692864
1.659731
1.694723
1.634658
1.682018
1.649977
1.622819
1.640895
1.649015
1.608625
1.622700
1.624523
1.635562
1.625000
1.732910
1.656988
1.695524
1.642245
1.633056
1.625523
1.667371
1.602843
1.679511
1.658067
1.616698
1.659918
1.650079
1.647204
1.631138
1.682570
1.625581
1.652163
1.591186
1.644219
1.610178
1.693095
1.623236
1.643819
1.593479
1.669432
1.685808
1.651110
1.601923
1.685180
1.612732
1.647736
1.643787
1.613562
1.684381
1.687127
1.636241
1.643506
1.618392
1.608432
1.611418
1.642831
1.649814
1.620208
1.622661
1.630793
1.667277
1.605000
1.624544
1.648624
1.674015
1.635860
1.655383
1.743721
1.725696
1.659569
1.627868
1.657227
1.695900
1.663406
1.649110
1.647031
1.621416
1.722646
1.609261
1.725812
1.596145
1.678383
1.649915
1.659268
1.590196
1.635925
1.610147
1.625960
1.601005
1.654909
1.614085
1.619546
1.625826
1.642528
1.627062
1.655404
1.651519
1.745628
1.676360
1.657514
1.693787
1.609907
1.728879
1.676200
1.637831
1.630534
1.660841
1.639588
1.674695
1.630481
1.667835
1.708983
1.668198
1.710436
1.602951
1.700447
1.635447
1.625073
1.593376
1.622485
1.612109
1.613309
1.592669
1.648961
1.601576
1.686605
1.632112
1.655399
1.651988
1.646061
1.644994
1.641407
1.672569
1.669171
1.709478
1.645089
1.715560
1.690790
1.643328
1.653445
1.707346
1.667104
1.611827
1.596370
1.657786
1.686231
1.656398
1.604453
1.702235
1.696343
1.652143
1.647166
1.642810
1.684973
1.726522
1.618093
1.649627
1.675359
1.665559
1.651435
1.692905
1.657819
1.622002
1.642898
1.647095
1.654575
1.628017
1.689237
1.629513
1.603069
1.756977
1.621298
1.704862
1.722781
1.616368
1.647784
1.738042
1.721451
1.640361
1.663466
1.637221
1.650574
1.756772
1.642460
1.752933
1.661915
1.627390
1.652240
1.665159
1.717597
1.660159
1.598739
1.704780
1.696871
1.657729
1.602818
1.634580
1.739783
1.621964
1.649629
1.602173
1.615762
1.606836
1.705558
1.621021
1.651692
1.625406
1.633699
1.669146
1.765355
1.630907
1.614149
1.594663
1.632767
1.638230
1.631787
1.636384
1.684793
1.691930
1.649622
1.663049
1.635116
1.645542
1.614298
1.650653
1.725014
1.637368
1.605342
1.629951
1.664873
1.616902
1.610190
1.679786
1.589636
1.661890
1.676747
1.711485
1.719211
1.700946
1.659413
1.633061
1.707852
1.689164
1.623769
1.602627
1.647050
1.701070
1.667424
1.688813
1.628309
1.638925
1.705156
1.624206
1.631527
1.607926
1.651303
1.671109
1.622890
1.617609
1.654710
1.625839
1.598804
1.616659
1.626549
1.628720
1.694806
1.666134
1.594039
1.657544
1.600654
1.675550
1.603853
1.634535
1.720204
1.634455
1.628594
1.643288
1.625995
1.690712
1.606396
1.618168
1.632425
1.599004
1.591345
1.635373
1.637563
1.611566
1.605035
1.654269
1.716898
1.686346
1.657874
1.657336
1.735732
1.666919
1.643667
1.629936
1.661794
1.714687
1.673323
1.655408
1.606136
1.657955
1.645987
1.738769
1.644347
1.748469
1.626640
1.642238
1.612508
1.668145
1.673805
1.640389
1.631492
1.700946
1.653699
1.687383
1.677628
1.597628
1.648832
1.599734
1.609434
1.657650
1.664647
1.677632
1.673472
1.620688
1.657742
1.639288
1.626876
1.608738
1.654141
1.698219
1.651209
1.619183
1.667953
1.675112
1.655363
1.627287
1.673633
1.633441
1.623879
1.684562
1.625742
1.616363
1.614165
1.687254
1.604398
1.656559
1.651081
1.636885
1.582552
1.761758
1.686714
1.636592
1.596706
1.676836
1.634941
1.596147
1.600293
1.634520
1.608942
1.602257
1.584441
1.701450
1.625030
1.653780
1.714754
1.630413
1.615469
1.697755
1.642556
1.660542
1.657609
1.642537
1.640260
1.595300
1.700296
1.621153
1.599713
1.638584
1.628715
1.716450
1.636143
1.620223
1.619615
1.667811
1.668351
1.680377
1.651466
1.638345
1.697779
1.653679
1.590904
1.616397
1.619359
1.647497
1.603445
1.671684
1.678618
1.641108
1.607594
1.642133
1.609188
1.652369
1.582476
1.636525
1.616268
1.625375
1.575818
1.612911
1.606514
1.657930
1.624721
1.689188
1.613171
1.626347
1.584581
1.651726
1.619814
1.658928
1.684459
1.651252
1.658521
1.663551
1.599273
1.677968
1.710577
1.611336
1.602906
1.598601
1.625451
1.735520
1.669546
1.596847
1.610789
1.662245
1.637614
1.629237
1.718462
1.645119
1.624967
1.595051
1.668771
1.640869
1.608660
1.608757
1.621544
1.611204
1.598118
1.621697
1.682848
1.637840
1.619600
1.663649
1.631813
1.670027
1.604900
1.611760
1.624373
1.646183
1.626740
1.612867
1.601722
1.701573
1.619228
1.647205
1.652694
1.671301
1.632822
1.663160
1.601177
1.675108
1.657608
1.620958
1.610920
1.668111
1.651302
1.620027
1.617575
1.633776
1.660899
1.621411
1.617083
1.686329
1.631259
1.618869
1.623226
1.654650
1.642539
1.607824
1.610726
1.607427
1.705686
1.645268
1.669090
1.619620
1.712098
1.745550
1.654291
1.694768
1.717271
1.670426
1.702270
1.614103
1.633828
1.616973
1.759900
1.642992
1.592803
1.644672
1.721786
1.608490
1.589497
1.666695
1.675591
1.607232
1.593615
1.645795
1.710794
1.636621
1.610759
1.636914
1.777387
1.633910
1.675133
1.641636
1.705959
1.737477
1.662067
1.772141
1.633369
1.650079
1.666265
1.688058
1.667469
1.694425
1.681611
1.621686
1.678673
1.620172
1.669620
1.660160
1.707579
1.637064
1.673478
1.614912
1.642028
1.589085
1.687023
1.605865
1.605103
1.623058
1.720397
1.639551
1.607829
1.574825
1.680669
1.712569
1.641809
1.670911
1.679662
1.663071
1.618492
1.659236
1.675897
1.678435
1.749221
1.642621
1.724960
1.675942
1.692561
1.594957
1.616903
1.662275
1.617795
1.683953
1.610775
1.613211
1.650139
1.649483
1.643205
1.667378
1.644101
1.636542
1.627390
1.615600
1.639488
1.769415
1.674278
1.738925
1.611813
1.680815
1.655213
1.663068
1.626488
1.630637
1.629601
1.634640
1.647432
1.738903
1.783543
1.667700
1.680851
1.655713
1.626131
1.708017
1.627168
1.620857
1.623433
1.688166
1.656646
1.632125
1.670324
1.610887
1.612030
1.641802
1.657711
1.652067
1.642661
1.671909
1.622806
1.618887
1.640555
1.592546
1.623903
1.682651
1.625170
1.671275
1.636131
1.700297
1.717614
1.623319
1.674646
1.715241
1.643368
1.675320
1.619479
1.670852
1.668980
1.687923
1.666238
1.649427
1.635581
1.724683
1.627326
1.633437
1.684399
1.642214
1.677266
1.625391
1.676818
1.658740
1.626124
1.616977
1.685954
1.738916
1.647521
1.600499
1.660829
1.771996
1.682422
1.630569
1.660846
1.642188
1.619948
1.599054
1.620103
1.650490
1.732502
1.696210
1.659585
1.624287
1.651453
1.696432
1.703854
1.639499
1.677083
1.623951
1.678272
1.698107
1.642034
1.639929
1.708334
1.650130
1.629186
1.654551
1.623541
1.701070
1.639919
1.687515
1.677176
1.623156
1.624652
1.667703
1.782976
1.833723
1.621063
1.638207
1.617793
1.702247
1.619778
1.649332
1.731291
1.648242
1.694550
1.626442
1.675478
1.688029
1.653526
1.687834
1.704967
1.641685
1.665244
1.628594
1.622275
1.644806
1.647255
1.670588
1.629853
1.637104
1.663310
1.641009
1.605754
1.602668
1.712494
1.663177
1.728205
1.635262
1.648939
1.725765
1.623475
1.625131
1.652510
1.633163
1.624661
1.606977
1.663245
1.688562
1.723570
1.626108
1.600716
1.628499
1.651309
1.619344
1.602862
1.758149
1.680870
1.688914
1.607021
1.696737
1.746606
1.765486
1.699662
1.617443
1.658886
1.626114
1.608149
1.744643
1.636170
1.710611
1.728881
1.615600
1.632190
1.622062
1.648850
1.606414
1.616660
1.638518
1.685472
1.692197
1.617478
1.693841
1.749342
1.625768
1.665859
1.639615
1.637486
1.688082
1.654100
1.616547
1.641514
1.645413
1.673180
1.600948
1.642056
1.852502
1.633426
1.601078
1.663129
1.686217
1.697586
1.605754
1.640604
1.691460
1.724490
1.618504
1.607284
1.673332
1.743876
1.651952
1.657426
1.633900
1.700683
1.700678
1.615046
1.618491
1.685494
1.740265
1.596474
1.625766
1.634579
1.668676
1.599053
1.608208
1.694229
1.673443
1.608180
1.593747
1.615119
1.630382
1.608081
1.631887
1.655760
1.701138
1.742672
1.674978
1.644761
1.717696
1.727245
1.652851
1.661454
1.655109
1.647741
1.604141
1.624178
1.641195
1.659250
1.663234
1.602886
1.652013
1.674891
1.747558
1.629735
1.590278
1.684023
1.707884
1.604408
1.636796
1.646458
1.643706
1.644025
1.644580
1.609934
1.622798
1.682038
1.603479
1.644635
1.629980
1.623972
1.649464
1.670636
1.651622
1.676502
1.642440
1.683541
1.619556
1.643261
1.596052
1.583020
1.656694
1.618967
1.635070
1.595333
1.640128
1.690211
1.641195
1.616402
1.658395
1.672975
1.660449
1.676273
1.695328
1.681544
1.623332
1.651192
1.620178
1.671358
1.714429
1.711008
1.622064
1.684302
1.636187
1.612107
1.616750
1.663751
1.665449
1.600588
1.657346
1.716010
1.679050
1.735607
1.620437
1.622884
1.641799
1.620749
1.638539
1.636311
1.652801
1.660810
1.710499
1.642224
1.636839
1.635096
1.612475
1.645403
1.614398
1.663376
1.688980
1.625899
1.662932
1.735620
1.669629
1.600921
1.622100
1.657775
1.666629
1.646947
1.606386
1.635841
1.762998
1.674037
1.616384
1.624017
1.653976
1.611620
1.659177
1.683303
1.679544
1.754972
1.608434
1.629905
1.667470
1.632406
1.688249
1.624243
1.730846
1.674457
1.605239
1.604129
1.660454
1.763376
1.688624
1.616539
1.666405
1.748436
1.620220
1.599236
1.616683
1.685581
1.631768
1.649423
1.627002
1.635733
1.660643
1.681978
1.601138
1.643250
1.659206
1.611488
1.668924
1.607093
1.682355
1.664244
1.675397
1.592500
1.623229
1.687927
1.627807
1.602895
1.620959
1.650687
1.703230
1.600035
1.666612
1.698303
1.628464
1.608181
1.641554
1.692295
1.641985
1.620815
1.691101
1.702876
1.628063
1.638805
1.625429
1.659088
1.639433
1.606527
1.635270
1.655084
1.670164
1.584044
1.599703
1.641954
1.650794
1.592063
1.629858
1.697780
1.625001
1.693264
1.625096
1.607400
1.664447
1.598300
1.596179
1.609743
1.633700
1.590697
1.592744
1.635110
1.627889
1.630805
1.616305
1.686712
1.690219
1.691923
1.615418
1.631494
1.677580
1.707570
1.610313
1.622167
1.627693
1.645284
1.608074
1.588191
1.618782
1.613562
1.647704
1.638184
1.675628
1.678336
1.618154
1.620387
1.704458
1.721261
1.666876
1.673187
1.656787
1.637232
1.748932
1.665535
1.645740
1.722764
1.667083
1.664446
1.644442
1.646466
1.635432
1.624457
1.614659
1.667712
1.654357
1.688322
1.688209
1.620514
1.672858
1.661463
1.674961
1.687497
1.671767
1.730931
1.670512
1.612918
1.620883
1.667969
1.660550
1.687184
1.595568
1.662857
1.625838
1.755522
1.655151
1.641465
1.685432
1.697182
1.611751
1.645202
1.654292
1.645342
1.683126
1.620155
1.693201
1.644120
1.632133
1.603518
1.655982
1.664143
1.659521
1.711480
1.605688
1.735180
1.726219
1.591975
1.602574
1.663602
1.686514
1.636847
1.642970
1.686619
1.688902
1.605655
1.643396
1.649310
1.640968
1.683868
1.681820
1.695910
1.794459
1.713966
1.624434
1.626372
1.631660
1.641166
1.632057
1.624906
1.632171
1.644580
1.670967
1.657228
1.696670
1.646749
1.661898
1.629731
1.682633
1.673953
1.640000
1.742022
1.620141
1.678777
1.685896
1.650327
1.616717
1.653195
1.627787
1.728186
1.729995
1.639991
1.683316
1.687208
1.682013
1.681854
1.628204
1.680276
1.653568
1.644924
1.627454
1.620948
1.649703
1.656893
1.632524
1.675824
1.705521
1.615613
1.685467
1.691614
1.684095
1.610293
1.683699
1.647560
1.644333
1.675140
1.606667
1.678590
1.748542
1.641193
1.696618
1.637122
1.629494
1.715789
1.664262
1.629903
1.679732
1.698127
1.694252
1.633421
1.622016
1.640388
1.652562
1.647999
1.663778
1.629781
1.622425
1.639677
1.600746
1.727467
1.650566
1.598549
1.601084
1.691553
1.668147
1.591180
1.620835
1.651302
1.700684
1.615449
1.628880
1.641103
1.641883
1.615838
1.634326
1.678582
1.688310
1.664856
1.653086
1.635980
1.718305
1.676831
1.651569
1.684060
1.683227
1.660930
1.689305
1.676180
1.720029
1.726771
1.709631
1.723131
1.618143
1.627576
1.646078
1.686878
1.652777
1.691172
1.684841
1.712478
1.710648
1.696718
1.644960
1.715139
1.728656
1.708926
1.665570
1.656830
1.647968
1.685074
1.681016
1.796789
1.668218
1.641110
1.678809
1.667989
1.732856
1.676374
1.630293
1.660000
1.683596
1.676624
1.637306
1.692668
1.685432
1.663848
1.751251
1.689927
1.618474
1.616833
1.705600
1.633646
1.618791
1.651567
1.648059
1.686044
1.640405
1.684662
1.676679
1.696799
1.780407
1.614977
1.634998
1.657261
1.648217
1.622988
1.646373
1.639089
1.632133
1.630681
1.614358
1.658949
1.672155
1.688124
1.674408
1.595557
1.682558
1.625378
1.618367
1.645851
1.789017
1.695461
1.606079
1.599547
1.621887
1.663265
1.706012
1.593999
1.634338
1.695750
1.645304
1.623324
1.606045
1.635202
1.653710
1.694089
1.675188
1.763736
1.623308
1.616204
1.590695
1.676693
1.730689
1.669339
1.784054
1.590827
1.649658
1.721241
1.624419
1.635262
1.618399
1.681426
1.628682
1.593564
1.700089
1.643205
1.696604
1.656653
1.612670
1.695338
1.629069
1.608964
1.638788
1.625028
1.648099
1.600249
1.602025
1.660139
1.655232
1.634641
1.648781
1.669742
1.660031
1.592723
1.687126
1.687526
1.764962
1.670323
1.678452
1.654006
1.657823
1.662097
1.632123
1.679318
1.665194
1.651742
1.662967
1.632475
1.668478
1.616505
1.642737
1.676074
1.600619
1.615689
1.626428
1.587158
1.689441
1.687197
1.628473
1.611519
1.654310
1.625319
1.675063
1.615772
1.618033
1.664565
1.614623
1.651709
1.611076
1.670838
1.643023
1.658947
1.627012
1.634776
1.635154
1.620581
1.611565
1.674504
1.685641
1.622701
1.614064
1.706046
1.644065
1.653885
1.610361
1.649014
1.652109
1.609746
1.653217
1.652137
1.685263
1.628764
1.654898
1.668181
1.739726
1.643659
1.769470
1.673365
1.690642
1.691399
1.686286
1.620391
1.631824
1.634024
1.735695
1.671118
1.613138
1.693011
1.631506
1.608857
1.580469
1.669794
1.684657
1.605204
1.633728
1.685419
1.743481
1.645337
1.637347
1.677601
1.678906
1.731731
1.614104
1.599614
1.649827
1.614813
1.601859
1.622901
1.648845
1.661199
1.696382
1.608287
1.663306
1.724786
1.628245
1.611838
1.614798
1.621086
1.662195
1.623482
1.651250
1.698318
1.717192
1.647711
1.609745
1.695689
1.680331
1.615694
1.641752
1.658713
1.718678
1.769009
1.659476
1.616912
1.619889
1.638830
1.613895
1.593172
1.638485
1.677211
1.597571
1.634945
1.636476
1.656095
1.717475
1.580088
1.609780
1.612106
1.601315
1.584157
1.610863
1.611591
1.617553
1.619591
1.675566
1.654247
1.672993
1.644094
1.659101
1.726119
1.599982
1.640333
1.681489
1.699013
1.633131
1.621465
1.632585
1.670155
1.778726
1.660519
1.614418
1.628721
1.619685
1.630962
1.648670
1.729416
1.652407
1.612392
1.651402
1.606863
1.633932
1.607537
1.584220
1.651381
1.619826
1.697974
1.605191
1.620298
1.658517
1.630450
1.602709
1.654861
1.640088
1.685076
1.595472
1.649612
1.701645
1.626203
1.625887
1.622768
1.643661
1.669712
1.648989
1.586584
1.668299
1.654437
1.621410
1.631960
1.623124
1.620028
1.607693
1.601779
1.621917
1.679452
1.678681
1.597055
1.625808
1.663728
1.732425
1.622780
1.629231
1.656677
1.693194
1.592833
1.610180
1.668577
1.676783
1.614812
1.597428
1.671386
1.712478
1.615155
1.617701
1.693218
1.683669
1.633196
1.612645
1.619684
1.697652
1.624054
1.604379
1.649010
1.635541
1.735657
1.588298
1.586970
1.622814
1.613993
1.619727
1.713481
1.688380
1.711185
1.600921
1.589129
1.612217
1.607235
1.591331
1.598809
1.663910
1.652125
1.644453
1.616316
1.647430
1.755149
1.637382
1.643530
1.663666
1.665565
1.681725
1.612890
1.645515
1.633616
1.703685
1.595045
1.584242
1.717449
1.619085
1.590563
1.607679
1.637405
1.636376
1.638704
1.610358
1.650433
1.687986
1.630559
1.661486
1.671357
1.712661
1.699998
1.690835
1.606994
1.661658
1.671643
1.643711
1.645549
1.624128
1.675063
1.723286
1.660281
1.652607
1.690121
1.624689
1.613873
1.619080
1.678173
1.633930
1.612616
1.618145
1.687616
1.640087
1.587931
1.584591
1.613781
1.664425
1.622221
1.613450
1.698436
1.642646
1.642254
1.590772
1.657434
1.654308
1.626437
1.681492
1.658132
1.682123
1.629826
1.655683
1.672026
1.775213
1.638631
1.672912
1.634926
1.699694
1.693020
1.672400
1.616155
1.658996
1.724880
1.685165
1.714205
1.608609
1.638375
1.765606
1.623770
1.650432
1.672300
1.635399
1.693071
1.654693
1.615425
1.741631
1.699372
1.673674
1.677227
1.670894
1.668804
1.666040
1.625225
1.624759
1.731418
1.630087
1.659070
1.620947
1.729637
1.759290
1.721141
1.636820
1.636027
1.707171
1.732258
1.669262
1.615713
1.630129
1.620977
1.645016
1.603866
1.662068
1.671564
1.634749
1.593271
1.646239
1.630630
1.639166
1.601935
1.704332
1.620639
1.610403
1.581886
1.682432
1.750315
1.757650
1.631196
1.682619
1.668494
1.721789
1.705869
1.662137
1.719056
1.652016
1.658041
1.602530
1.610477
1.797388
1.655908
1.613352
1.696709
1.664885
1.667128
1.630483
1.620069
1.698985
1.647549
1.695521
1.619888
1.646943
1.689917
1.644982
1.686251
1.685215
1.649235
1.662242
1.634582
1.645189
1.665140
1.714171
1.649894
1.732988
1.708055
1.673330
1.636633
1.721550
1.644229
1.653886
1.720891
1.633644
1.620234
1.615048
1.705076
1.645715
1.694171
1.601086
1.617365
1.684675
1.672179
1.633571
1.695696
1.677281
1.671780
1.656350
1.635159
1.714801
1.690264
1.618438
1.663622
1.679143
1.615711
1.602356
1.642938
1.679522
1.630439
1.664341
1.639633
1.622532
1.673901
1.646693
1.658751
1.654569
1.652101
1.670737
1.648698
1.609979
1.626332
1.694919
1.630484
1.640781
1.679345
1.699575
1.629478
1.658769
1.668384
1.713191
1.714535
1.721802
1.604822
1.648208
1.630369
1.609894
1.653636
1.662787
1.662426
1.607295
1.594036
1.617980
1.684457
1.651726
1.601454
1.631447
1.678170
1.646248
1.603099
1.624739
1.702659
1.701805
1.603538
1.589865
1.625399
1.628750
1.664467
1.663448
1.686554
1.625466
1.704549
1.623224
1.672678
1.660493
1.622612
1.612396
1.647546
1.681020
1.674287
1.617006
1.694455
1.648495
1.625451
1.612172
1.649565
1.683410
1.632580
1.652984
1.637371
1.722093
1.664873
1.651792
1.672586
1.728098
1.641529
1.672187
1.639648
1.644510
1.628312
1.673130
1.657175
1.633291
1.661598
1.687688
1.614672
1.653628
1.710754
1.659936
1.619458
1.623336
1.668479
1.750112
1.676340
1.626396
1.710814
1.639813
1.649734
1.659329
1.648237
1.626788
1.637021
1.621253
1.707079
1.692480
1.669785
1.635832
1.616938
1.621308
1.734583
1.711463
1.628418
1.623019
1.703080
1.687449
1.601839
1.623134
1.672237
1.644538
1.662881
1.617245
1.628118
1.658107
1.659144
1.629229
1.670831
1.688152
1.634173
1.638174
1.619583
1.650850
1.628710
1.704694
1.647962
1.621098
1.636090
1.610614
1.621132
1.693387
1.627747
1.609751
1.653260
1.619711
1.661707
1.607662
1.599786
1.595083
1.662804
1.608561
1.608144
1.648457
1.629199
1.609806
1.620318
1.616842
1.624549
1.732554
1.619595
1.627205
1.720032
1.625775
1.669795
1.595526
1.627195
1.676366
1.635897
1.698946
1.623675
1.638317
1.677167
1.642142
1.621957
1.756370
1.636739
1.618563
1.642063
1.694573
1.668387
1.737111
1.610641
1.616629
1.666921
1.612180
1.629874
1.692857
1.702063
1.667687
1.601871
1.681953
1.630836
1.642973
1.612164
1.638949
1.671698
1.720405
1.621441
1.632500
1.607204
1.693985
1.622012
1.601398
1.646219
1.617441
1.670298
1.598946
1.716733
1.678796
1.668783
1.626437
1.624372
1.696495
1.652901
1.596654
1.600779
1.663769
1.645121
1.601260
1.610905
1.643207
1.710448
1.675231
1.612358
1.628339
1.726120
1.601288
1.598145
1.660589
1.635750
1.684420
1.598695
1.615144
1.665999
1.630212
1.626604
1.628094
1.615442
1.625018
1.629173
1.627576
1.616686
1.613496
1.589664
1.607180
1.673630
1.652509
1.647051
1.642426
1.630038
1.626465
1.601067
1.606421
1.651890
1.665236
1.696833
1.646481
1.649149
1.730967
1.686043
1.631468
1.636732
1.664901
1.630087
1.614129
1.650548
1.661525
1.615165
1.641918
1.633475
1.619030
1.694531
1.625377
1.630032
1.648256
1.669555
1.668809
1.617423
1.636863
1.618152
1.595108
1.639242
1.646836
1.612786
1.703703
1.641406
1.633498
1.670485
1.652991
1.612626
1.608283
1.703959
1.611527
1.625120
1.623757
1.661860
1.622978
1.629496
1.638660
1.623533
1.602080
1.674414
1.630477
1.622121
1.605540
1.639912
1.638283
1.671820
1.621575
1.593450
1.694129
1.694099
1.670232
1.595755
1.670195
1.622672
1.620960
1.603699
1.651186
1.650687
1.614795
1.663590
1.603503
1.651061
1.659863
1.652170
1.620548
1.609460
1.663769
1.662673
1.670370
1.602118
1.725989
1.620790
1.626022
1.616883
1.625915
1.653696
1.586577
1.660098
1.618230
1.616563
1.653047
1.695864
1.628450
1.620149
1.613620
1.604405
1.663445
1.622226
1.702595
1.607043
1.692010
1.627659
1.597428
1.664005
1.634588
1.767589
1.650748
1.624697
1.606976
1.615941
1.609148
1.620985
1.602405
1.736230
1.651417
1.626453
1.668424
1.640869
1.628956
1.592316
1.616195
1.736211
1.669591
1.699517
1.639449
1.604257
1.628953
1.622511
1.622124
1.634780
1.678324
1.675603
1.595011
1.677656
1.654803
1.635920
1.594497
1.666320
1.651191
1.637416
1.656294
1.674678
1.638243
1.675756
1.617010
1.638553
1.638027
1.624417
1.614333
1.680173
1.627601
1.631457
1.674853
1.608127
1.687590
1.632053
1.623631
1.593564
1.677036
1.732590
1.712664
1.695533
1.648427
1.618988
1.631532
1.604588
1.674876
1.620177
1.668725
1.639136
1.638658
1.628306
1.659042
1.636507
1.845526
1.676221
1.650336
1.623247
1.707165
1.642362
1.635337
1.698955
1.700374
1.621349
1.607668
1.667570
1.634253
1.589357
1.653344
1.690229
1.699365
1.633914
1.598862
1.662362
1.726757
1.654659
1.611650
1.658926
1.703193
1.671757
1.631284
1.606991
1.624922
1.675941
1.728118
1.676424
1.695188
1.727556
1.649565
1.602044
1.632800
1.678692
1.645172
1.612155
1.609522
1.773672
1.733891
1.625978
1.707435
1.657317
1.662880
1.636652
1.611147
1.654160
1.713006
1.622932
1.623609
1.607439
1.642213
1.599423
1.680357
1.704949
1.693003
1.628876
1.626775
1.672925
1.647689
1.635619
1.615227
1.620518
1.655181
1.622660
1.630375
1.600243
1.646803
1.675716
1.601916
1.599751
1.675361
1.660239
1.657453
1.607379
1.718117
1.671764
1.602039
1.594286
1.618401
1.635007
1.634241
1.631682
1.640986
1.687923
1.651244
1.590424
1.608833
1.651426
1.667721
1.634392
1.626819
1.717435
1.688572
1.621169
1.692146
1.680768
1.677518
1.658340
1.644359
1.633186
1.665485
1.636989
1.649566
1.642337
1.623233
1.642849
1.623340
1.671398
1.702196
1.647428
1.592140
1.676374
1.635723
1.634682
1.688817
1.708530
1.609648
1.678415
1.613514
1.642051
1.634796
1.782997
1.680205
1.631160
1.597522
1.623269
1.635491
1.729098
1.605022
1.658276
1.712342
1.677882
1.681867
1.673566
1.692267
1.660656
1.588745
1.596872
1.626183
1.665615
1.592984
1.624361
1.636162
1.633171
1.590443
1.590782
1.636658
1.672108
1.649439
1.625702
1.665249
1.753319
1.627218
1.596365
1.682529
1.726775
1.721353
1.670465
1.634618
1.629931
1.629916
1.596887
1.636243
1.653084
1.713259
1.662177
1.626257
1.693267
1.719126
1.618115
1.622759
1.683353
1.675737
1.629591
1.624778
1.593994
1.698867
1.657327
1.603543
1.602634
1.642978
1.720680
1.630965
1.680366
1.661773
1.707086
1.662718
1.664555
1.634668
1.728279
1.678735
1.708670
1.627724
1.664593
1.648062
1.639540
1.624666
1.664255
1.653070
1.690314
1.623444
1.695592
1.632657
1.761079
1.722991
1.647382
1.674652
1.639356
1.618497
1.598898
1.611590
1.697642
1.688997
1.611120
1.644742
1.757491
1.734072
1.667338
1.623812
1.630509
1.644222
1.711746
1.619370
1.677449
1.687408
1.652868
1.646409
1.598520
1.682741
1.649693
1.772523
1.596135
1.658920
1.633909
1.605015
1.668832
1.719274
1.681148
1.735284
1.632195
1.605867
1.650662
1.719404
1.685577
1.675524
1.660501
1.654379
1.712292
1.643211
1.711737
1.709539
1.692508
1.606653
1.669896
1.626609
1.704149
1.702227
1.650803
1.642726
1.632386
1.616266
1.628198
1.607042
1.677498
1.646904
1.596299
1.622653
1.694049
1.619129
1.592515
1.630813
1.650958
1.636809
1.619861
1.623403
1.634326
1.667105
1.614256
1.620470
1.671469
1.679563
1.639948
1.593726
1.624128
1.646304
1.651035
1.686332
1.619006
1.630120
1.612700
1.608319
1.663628
1.633335
1.599518
1.648337
1.655716
1.688997
1.644178
1.598859
1.689455
1.675667
1.628763
1.623676
1.630605
1.646263
1.666743
1.628915
1.602833
1.649536
1.621764
1.628560
1.627255
1.646359
1.624318
1.697198
1.642051
1.683947
1.674889
1.642985
1.617834
1.616557
1.672042
1.753471
1.668631
1.648887
1.705408
1.633973
1.652193
1.634957
1.724799
1.660558
1.659754
1.622080
1.675648
1.728919
1.714527
1.666593
1.643678
1.633503
1.632160
1.662782
1.585009
1.681893
1.662165
1.660802
1.627879
1.641311
1.629617
1.643941
1.592546
1.613096
1.658580
1.619160
1.599544
1.625512
1.640400
1.746604
1.634447
1.602521
1.713290
1.686973
1.602334
1.681117
1.668913
1.630283
1.611391
1.654468
1.670556
1.628622
1.683571
1.684261
1.623623
1.668479
1.615029
1.660764
1.629734
1.670127
1.605210
1.616118
1.631020
1.742099
1.639125
1.680639
1.603687
1.696967
1.688554
1.636312
1.655203
1.665024
1.638181
1.758518
1.678804
1.642981
1.638189
1.685499
1.624729
1.655992
1.666366
1.718311
1.654801
1.704487
1.628661
1.640875
1.679489
1.653808
1.625725
1.665022
1.638402
1.650725
1.640790
1.667645
1.688822
1.658335
1.633323
1.679189
1.732358
1.623224
1.597536
1.595723
1.676577
1.644307
1.647609
1.601342
1.624559
1.663545
1.616131
1.628189
1.688949
1.652803
1.649447
1.663688
1.628811
1.657164
1.627650
1.647076
1.767547
1.693815
1.734031
1.598109
1.604710
1.728727
1.683458
1.619312
1.656540
1.651948
1.697532
1.798291
1.585901
1.605884
1.661542
1.678467
1.603077
1.605248
1.640800
1.661159
1.601219
1.654075
1.724869
1.675873
1.793961
1.655016
1.642969
1.652998
1.667183
1.597981
1.607709
1.694176
1.616590
1.660365
1.606057
1.639051
1.662569
1.707583
1.645004
1.688212
1.695054
1.680171
1.629270
1.732659
1.691219
1.683503
1.637337
1.602455
1.627392
1.663704
1.630208
1.652347
1.649976
1.755167
1.662614
1.590095
1.618481
1.623227
1.631701
1.636598
1.644996
1.663546
1.603501
1.591125
1.677922
1.737937
1.700509
1.593760
1.605958
1.665007
1.623424
1.598655
1.656228
1.639996
1.618146
1.637425
1.623990
1.688193
1.635714
1.638101
1.637872
1.675799
1.748317
1.713853
1.638411
1.644315
1.674515
1.665801
1.633306
1.657607
1.668947
1.642467
1.617754
1.650084
1.670692
1.681250
1.778918
1.617326
1.762721
1.665022
1.646470
1.679114
1.658480
1.641397
1.696476
1.630494
1.629503
1.672596
1.646119
1.738350
1.625274
1.663989
1.745722
1.627504
1.651018
1.643694
1.647584
1.678277
1.613456
1.597465
1.644489
1.623063
1.618648
1.595296
1.610464
1.653982
1.607115
1.582838
1.626544
1.624239
1.620467
1.599768
1.664263
1.635515
1.646262
1.583408
1.698789
1.734228
1.663032
1.620759
1.681398
1.734214
1.642409
1.604726
1.639182
1.661187
1.682694
1.641282
1.579139
1.672492
1.690096
1.647471
1.684734
1.645767
1.622349
1.619326
1.644490
1.694032
1.649818
1.651552
1.601039
1.676486
1.662850
1.701259
1.609141
1.675478
1.659102
1.630904
1.607010
1.631773
1.687820
1.663619
1.715995
1.625447
1.691438
1.701303
1.792122
1.660752
1.650795
1.621293
1.665503
1.776900
1.652422
1.640683
1.658890
1.693592
1.623949
1.610048
1.703094
1.624064
1.700203
1.607320
1.694633
1.797296
1.715322
1.649280
1.611644
1.689568
1.652861
1.728176
1.597218
1.677754
1.662589
1.677183
1.597414
1.652967
1.707316
1.637138
1.689924
1.638506
1.677381
1.678139
1.629237
1.651843
1.690931
1.822161
1.632706
1.655478
1.629067
1.655039
1.670617
1.669636
1.636287
1.689820
1.692433
1.634741
1.651065
1.682661
1.753546
1.685048
1.643463
1.631962
1.727299
1.629723
1.706557
1.614576
1.657864
1.645931
1.630122
1.624372
1.612365
1.654184
1.616385
1.664641
1.626414
1.625758
1.626065
1.586979
1.651090
1.620364
1.724534
1.676367
1.639879
1.636151
1.704977
1.646890
1.625276
1.669745
1.724160
1.651020
1.592006
1.706353
1.745065
1.646580
1.620594
1.628199
1.651543
1.705736
1.642913
1.649289
1.674291
1.659111
1.669946
1.622229
1.616312
1.706069
1.655272
1.604320
1.644910
1.660531
1.663157
1.596170
1.593693
1.631105
1.636985
1.705271
1.663984
1.662763
1.665255
1.633618
1.607922
1.655512
1.771528
1.665560
1.634646
1.596287
1.643279
1.685701
1.613575
1.673269
1.641093
1.790890
1.714844
1.659893
1.623095
1.692410
1.681709
1.712978
1.653782
1.665054
1.623940
1.666483
1.600590
1.648091
1.630117
1.612064
1.591823
1.634245
1.632900
1.623624
1.604034
1.726127
1.734284
1.646551
1.607318
1.625919
1.645991
1.617304
1.592483
1.642170
1.666003
1.710546
1.661819
1.634835
1.616194
1.625698
1.599652
1.657427
1.718253
1.736092
1.763849
1.635671
1.622603
1.697399
1.697495
1.753151
1.639269
1.755180
1.644049
1.694789
1.637788
1.642079
1.635805
1.641379
1.661995
1.644298
1.636699
1.640698
1.627252
1.653198
1.729325
1.707393
1.657541
1.604665
1.607010
1.659871
1.730459
1.604830
1.623200
1.701616
1.705601
1.597201
1.612331
1.695113
1.798188
1.656609
1.591887
1.649140
1.664386
1.673629
1.601040
1.634340
1.623554
1.650535
1.630001
1.659070
1.743204
1.652687
1.632303
1.667594
1.646437
1.637001
1.651860
1.610668
1.688475
1.682697
1.654686
1.588736
1.663067
1.618110
1.636254
1.586961
1.604696
1.690657
1.678844
1.596088
1.593289
1.666642
1.661175
1.763957
1.632786
1.708499
1.726969
1.681757
1.602705
1.612050
1.634860
1.619691
1.620104
1.652854
1.676103
1.655669
1.588439
1.682569
1.675758
1.628172
1.657859
1.650000
1.714797
1.624562
1.597238
1.638789
1.699580
1.822064
1.686664
1.650337
1.689636
1.726892
1.705840
1.644180
1.625816
1.648824
1.666697
1.742290
1.604598
1.601762
1.624465
1.629979
1.604129
1.603567
1.668660
1.652923
1.603368
1.700926
1.663934
1.647119
1.630751
1.629141
1.673645
1.631806
1.661818
1.647217
1.722875
1.692274
1.636145
1.608679
1.673648
1.640860
1.635654
1.606542
1.684603
1.676587
1.660687
1.616041
1.607617
1.686411
1.680877
1.630186
1.607431
1.697715
1.669070
1.723071
1.651023
1.686568
1.727686
1.655233
1.678650
1.657532
1.628867
1.664320
1.670762
1.610727
1.629236
1.637866
1.674677
1.662842
1.621344
1.678666
1.643337
1.619154
1.679938
1.678930
1.682492
1.613767
1.613970
1.620906
1.675735
1.750841
1.614891
1.622996
1.624276
1.653888
1.704236
1.645585
1.668800
1.686584
1.607261
1.654635
1.728748
1.673188
1.668291
1.648483
1.646010
1.703314
1.626351
1.610543
1.625972
1.704382
1.682951
1.603247
1.596061
1.714631
1.627568
1.734832
1.606933
1.662425
1.694799
1.616579
1.598826
1.613497
1.642824
1.771719
1.626477
1.617237
1.659949
1.733256
1.696450
1.586855
1.690815
1.742251
1.708565
1.614943
1.647396
1.670319
1.769492
1.612662
1.590130
1.680767
1.662079
1.607008
1.629030
1.666703
1.702982
1.667232
1.611385
1.638525
1.640356
1.627663
1.585592
1.635671
1.662869
1.676026
1.593518
1.659384
1.643359
1.720488
1.613584
1.621713
1.646223
1.645213
1.642669
1.594209
1.672926
1.671098
1.662111
1.627801
1.668540
1.727286
1.629693
1.595518
1.680694
1.685858
1.611401
1.584462
1.596999
1.660484
1.642179
1.587467
1.594368
1.618994
1.612954
1.573490
1.638122
1.641060
1.734400
1.604010
1.611649
1.660945
1.679400
1.741267
1.609269
1.672617
1.664570
1.619299
1.637261
1.648192
1.637795
1.723645
1.572552
1.705966
1.612214
1.647811
1.608322
1.608526
1.671299
1.621061
1.582057
1.646699
1.783886
1.636088
1.633116
1.637246
1.663724
1.644457
1.629723
1.687017
1.693508
1.662967
1.652872
1.614078
1.632517
1.702316
1.628203
1.580733
1.661098
1.668139
1.632275
1.666315
1.591206
1.631435
1.682801
1.605862
1.622568
1.629336
1.617053
1.606327
1.613436
1.621479
1.657129
1.613015
1.638059
1.710673
1.644408
1.658289
1.656507
1.655729
1.747438
1.645256
1.646665
1.656944
1.652120
1.609684
1.618562
1.665425
1.637064
1.616610
1.583407
1.672209
1.758233
1.681516
1.680231
1.578486
1.679040
1.675975
1.600855
1.608128
1.650665
1.639866
1.622771
1.598039
1.646623
1.715493
1.655514
1.611408
1.638279
1.666885
1.654849
1.630178
1.655516
1.690603
1.622878
1.685231
1.624114
1.746073
1.659191
1.644869
1.583519
1.611680
1.638937
1.607300
1.624397
1.639378
1.616156
1.631182
1.593129
1.625414
1.635412
1.653608
1.642397
1.730298
1.637253
1.676358
1.650398
1.686244
1.621069
1.724366
1.629918
1.611264
1.632001
1.615669
1.626872
1.626500
1.714747
1.730467
1.645872
1.653216
1.653018
1.667744
1.650141
1.600433
1.652250
1.634994
1.615899
1.605080
1.596049
1.624362
1.620624
1.594459
1.613856
1.624117
1.730143
1.608703
1.626696
1.660320
1.623454
1.628472
1.619602
1.662462
1.669275
1.700076
1.616386
1.672153
1.741408
1.694798
1.703354
1.720443
1.716454
1.677750
1.670556
1.601212
1.646707
1.652547
1.622189
1.595527
1.628523
1.635043
1.608393
1.597740
1.629887
1.632461
1.605343
1.591958
1.620751
1.694242
1.648838
1.596462
1.691009
1.639351
1.617474
1.613679
1.612145
1.753182
1.716797
1.602208
1.697459
1.666062
1.631167
1.603071
1.609980
1.673142
1.681753
1.645288
1.587251
1.619133
1.633523
1.601797
1.607718
1.629491
1.703590
1.670261
1.583125
1.685530
1.636051
1.680330
1.629536
1.653089
1.691109
1.657183
1.617287
1.590511
1.671949
1.640684
1.658464
1.588091
1.618821
1.689835
1.734985
1.620838
1.652058
1.718129
1.639124
1.592152
1.640005
1.684261
1.755685
1.643391
1.588477
1.614272
1.647974
1.644893
1.626277
1.679731
1.621581
1.671194
1.587096
1.653196
1.620668
1.601767
1.590419
1.721054
1.665460
1.643811
1.594197
1.607052
1.780297
1.694849
1.649673
1.649562
1.641645
1.632549
1.689186
1.608257
1.686600
1.670403
1.663628
1.607999
1.658839
1.644406
1.727475
1.615428
1.630111
1.721882
1.696069
1.641753
1.669418
1.626882
1.638282
1.612280
1.573851
1.675290
1.678936
1.664827
1.662549
1.646063
1.664666
1.702122
1.596559
1.599970
1.630905
1.720852
1.742070
1.612633
1.692291
1.759902
1.669124
1.614914
1.637006
1.706879
1.616309
1.585352
1.617234
1.670604
1.612256
1.590523
1.621384
1.666879
1.621653
1.597116
1.645699
1.619241
1.615471
1.585721
1.615915
1.716002
1.661334
1.587875
1.605628
1.672640
1.674674
1.699438
1.662419
1.631217
1.648958
1.624217
1.614300
1.652276
1.637838
1.648240
1.612537
1.700907
1.694708
1.844593
1.658145
1.608442
1.763984
1.707307
1.683458
1.696225
1.646952
1.637390
1.672300
1.655355
1.604873
1.739341
1.672862
1.626458
1.655530
1.640400
1.697620
1.786594
1.660452
1.643729
1.652633
1.692668
1.707448
1.663896
1.645695
1.710018
1.669330
1.589705
1.608760
1.632371
1.680223
1.595172
1.645888
1.664960
1.651303
1.619715
1.685282
1.639366
1.716259
1.628072
1.646907
1.687889
1.675488
1.662295
1.616711
1.723968
1.637554
1.695020
1.671156
1.663578
1.658947
1.661681
1.634018
1.633088
1.657409
1.639852
1.687006
1.647881
1.612562
1.669487
1.641935
1.640783
1.644910
1.730982
1.672344
1.672157
1.614395
1.617559
1.625440
1.619949
1.650397
1.625201
1.620899
1.627956
1.589650
1.668274
1.646688
1.702849
1.628806
1.620383
1.633685
1.652760
1.595366
1.706047
1.692802
1.620566
1.617270
1.676383
1.641282
1.650713
1.735964
1.576560
1.618714
1.663238
1.642461
1.572314
1.677729
1.658548
1.634225
1.590054
1.645153
1.634677
1.662968
1.583361
1.671484
1.694433
1.672413
1.651621
1.666116
1.728956
1.626961
1.601469
1.601708
1.668935
1.675315
1.668972
1.592859
1.631030
1.674541
1.664661
1.590517
1.636659
1.734195
1.649996
1.635260
1.646451
1.622127
1.746367
1.664953
1.630795
1.682132
1.739640
1.630339
1.589852
1.651831
1.649035
1.623793
1.689016
1.635958
1.638127
1.721043
1.681997
1.614353
1.680222
1.639489
1.627284
1.667492
1.665003
1.669907
1.645137
1.657988
1.670217
1.671170
1.669527
1.679369
1.620949
1.675666
1.753312
1.713710
1.634940
1.598811
1.748883
1.662714
1.703201
1.651216
1.620109
1.708554
1.651901
1.647990
1.683460
1.625752
1.661180
1.651700
1.691085
1.685649
1.703594
1.621251
1.610683
1.665897
1.642067
1.632042
1.585840
1.682372
1.626131
1.596113
1.586471
1.626498
1.618714
1.588957
1.624574
1.755277
1.713715
1.636744
1.625439
1.659242
1.646963
1.666057
1.604626
1.670239
1.692097
1.667410
1.592334
1.601631
1.666051
1.692228
1.643164
1.612524
1.652270
1.704708
1.708471
1.656152
1.622052
1.623638
1.607419
1.668194
1.660437
1.654732
1.666655
1.661904
1.622446
1.636900
1.709037
1.660961
1.624005
1.638239
1.636626
1.677264
1.628122
1.619687
1.654677
1.603569
1.602052
1.697648
1.713230
1.615001
1.614024
1.657977
1.692247
1.628775
1.609254
1.655880
1.622034
1.633297
1.584294
1.603226
1.647428
1.659383
1.655619
1.603682
1.651244
1.732505
1.600368
1.633092
1.674860
1.702921
1.640354
1.602857
1.674368
1.682313
1.685196
1.669140
1.675660
1.618257
1.687105
1.772219
1.623516
1.682873
1.774314
1.669337
1.612501
1.674828
1.664237
1.620389
1.581866
1.655989
1.699072
1.648554
1.590796
1.664899
1.738711
1.686746
1.638415
1.588375
1.619733
1.621672
1.665674
1.734586
1.636431
1.661112
1.616852
1.573646
1.637808
1.663150
1.640603
1.620895
1.695097
1.682332
1.615490
1.668303
1.618699
1.708769
1.662364
1.672462
1.610623
1.640492
1.665417
1.698812
1.596832
1.624264
1.624392
1.615753
1.595014
1.651790
1.682907
1.660166
1.639910
1.625350
1.686652
1.645917
1.598685
1.611144
1.615032
1.621614
1.644079
1.631139
1.631244
1.630608
1.625824
1.713075
1.687099
1.668278
1.609177
1.590739
1.657871
1.713311
1.743777
1.600552
1.644965
1.762502
1.717682
1.652356
1.614614
1.659719
1.702345
1.610273
1.593748
1.657890
1.696255
1.687508
1.610381
1.630094
1.637096
1.662517
1.614500
1.669209
1.623140
1.614371
1.618790
1.635563
1.727883
1.622425
1.635828
1.633129
1.709645
1.622517
1.600365
1.636854
1.737758
1.688173
1.627441
1.626188
1.636525
1.638528
1.604907
1.651077
1.664331
1.623833
1.648684
1.675512
1.638154
1.632784
1.620504
1.647946
1.653572
1.731721
1.670881
1.603963
1.617860
1.671630
1.631280
1.606045
1.646885
1.643556
1.645610
1.692842
1.575771
1.649837
1.675291
1.705854
1.597527
1.605510
1.650388
1.621934
1.582218
1.654764
1.675596
1.685227
1.635148
1.594280
1.660668
1.617256
1.655652
1.605295
1.654088
1.631430
1.617393
1.650406
1.620222
1.635953
1.605101
1.619271
1.703569
1.699831
1.640174
1.662918
1.633021
1.634974
1.691653
1.638743
1.662298
1.727617
1.760091
1.637571
1.672741
1.670273
1.682520
1.670566
1.592351
1.716687
1.744663
1.744486
1.683586
1.640927
1.666033
1.736025
1.717489
1.603704
1.720330
1.756841
1.775078
1.666815
1.651304
1.622332
1.674432
1.676366
1.641025
1.653654
1.640264
1.676322
1.676256
1.630392
1.750416
1.670751
1.733648
1.631083
1.638278
1.767497
1.756481
1.677878
1.610191
1.633699
1.657418
1.744023
1.647267
1.646800
1.658605
1.673609
1.620202
1.634557
1.649987
1.626748
1.608828
1.680436
1.652527
1.698616
1.659132
1.635512
1.697808
1.621768
1.652175
1.630335
1.667510
1.624351
1.683402
1.600372
1.637818
1.650198
1.688758
1.622826
1.635142
1.615870
1.699198
1.643585
1.666072
1.665056
1.682556
1.650839
1.621433
1.704853
1.652587
1.626988
1.636243
1.640618
1.641208
1.623479
1.621009
1.654773
1.625763
1.683974
1.732450
1.622452
1.619648
1.642040
1.609876
1.680896
1.632748
1.788787
1.702646
1.624324
1.625814
1.686016
1.729273
1.687862
1.676830
1.670049
1.636129
1.651410
1.613195
1.636375
1.680010
1.668036
1.621311
1.661752
1.629863
1.669711
1.638651
1.644748
1.622998
1.633878
1.603108
1.604568
1.660044
1.682075
1.657481
1.627191
1.620891
1.632294
1.726089
1.591759
1.687032
1.655559
1.617281
1.605286
1.632073
1.616896
1.633083
1.618424
1.619700
1.637042
1.631139
1.610865
1.619580
1.617652
1.677248
1.621863
1.689585
1.714906
1.678959
1.609020
1.609286
1.675631
1.668169
1.643592
1.689396
1.661672
1.647492
1.668254
1.624579
1.613287
1.652922
1.637350
1.601992
1.619494
1.713238
1.675438
1.707877
1.699239
1.711516
1.652136
1.631428
1.646431
1.652503
1.642560
1.677966
1.625555
1.654160
1.612941
1.621822
1.611979
1.669915
1.676609
1.690903
1.607571
1.608312
1.678126
1.627401
1.649812
1.771719
1.668130
1.757253
1.726453
1.632500
1.673620
1.713943
1.644875
1.665987
1.642420
1.688931
1.651463
1.614072
1.639179
1.687982
1.626063
1.630215
1.628533
1.664499
1.633818
1.805605
1.732059
1.686041
1.748227
1.729407
1.737769
1.626628
1.629972
1.683851
1.661156
1.692920
1.689666
1.669538
1.685292
1.707378
1.694222
1.640505
1.618083
1.651118
1.662193
1.634908
1.698088
1.678826
1.617067
1.620450
1.624143
1.650697
1.622000
1.645466
1.644113
1.669697
1.652608
1.624668
1.624755
1.692819
1.748478
1.622717
1.630302
1.754607
1.669262
1.631456
1.594239
1.832488
1.736670
1.634202
1.610739
1.678687
1.684780
1.700664
1.611608
1.620521
1.633810
1.646083
1.741216
1.592946
1.617743
1.619869
1.665359
1.599576
1.621093
1.651355
1.702799
1.609095
1.608765
1.659768
1.659473
1.606807
1.677652
1.730030
1.704277
1.608569
1.637973
1.619437
1.617890
1.688600
1.673330
1.621088
1.752988
1.696618
1.654464
1.682351
1.628401
1.768286
1.715972
1.647544
1.641979
1.650076
1.676802
1.628684
1.684897
1.673721
1.661730
1.615452
1.620277
1.678409
1.640219
1.636268
1.645529
1.676097
1.684359
1.721953
1.650668
1.634228
1.670263
1.634615
1.609640
1.622316
1.724283
1.670542
1.619220
1.647460
1.660888
1.620869
1.642674
1.627882
1.770361
1.698383
1.671982
1.664216
1.623902
1.635787
1.627474
1.671666
1.714887
1.678189
1.643083
1.613493
1.599593
1.746417
1.656992
1.732984
1.652387
1.623957
1.711066
1.626867
1.627411
1.639703
1.681892
1.609385
1.639868
1.610034
1.674383
1.662696
1.662806
1.626571
1.640473
1.610792
1.728754
1.676586
1.697115
1.777581
1.617512
1.614065
1.673165
1.637699
1.623120
1.637374
1.647575
1.667621
1.628160
1.626969
1.643981
1.659843
1.642039
1.671095
1.666116
1.632250
1.635653
1.677709
1.609720
1.636749
1.620393
1.673122
1.635092
1.675685
1.644422
1.708743
1.663257
1.606278
1.664028
1.691721
1.701890
1.639349
1.680379
1.663599
1.660303
1.607865
1.617919
1.625832
1.649805
1.717024
1.672086
1.636128
1.620532
1.699716
1.645727
1.615314
1.684308
1.633538
1.631088
1.689437
1.685219
1.641035
1.624643
1.626315
1.649454
1.645609
1.654385
1.613464
1.634151
1.627739
1.616479
1.625559
1.663931
1.641912
1.700840
1.647322
1.613203
1.738943
1.647601
1.618693
1.658080
1.628006
1.623518
1.646388
1.604012
1.628930
1.691631
1.601395
1.662666
1.652684
1.761169
1.632705
1.608377
1.641568
1.607572
1.610241
1.688361
1.619564
1.625131
1.658092
1.602511
1.647450
1.681284
1.679074
1.631402
1.640738
1.670620
1.654745
1.625831
1.680249
1.697347
1.692061
1.681434
1.610494
1.639503
1.659856
1.654227
1.682433
1.618388
1.653783
1.673925
1.684230
1.707071
1.693055
1.653919
1.646377
1.673170
1.662564
1.650069
1.631255
1.649237
1.609175
1.684900
1.629364
1.615432
1.693969
1.701964
1.757560
1.657992
1.622441
1.617816
1.658422
1.617581
1.678964
1.674481
1.641709
1.633782
1.652708
1.681778
1.654155
1.655649
1.614497
1.660607
1.695609
1.628654
1.660785
1.644069
1.633113
1.658610
1.649504
1.650177
1.646891
1.692644
1.694198
1.613353
1.602476
1.624746
1.627278
1.655790
1.645629
1.626412
1.661707
1.623157
1.637511
1.644690
1.628069
1.622238
1.613719
1.629017
1.654083
1.600788
1.615898
1.682888
1.681839
1.640418
1.678246
1.664711
1.668149
1.612309
1.648465
1.606511
1.714601
1.693068
1.603282
1.599870
1.649870
1.709993
1.598790
1.612989
1.671287
1.641577
1.629277
1.680182
1.744706
1.671322
1.640559
1.729504
1.671229
1.679133
1.664359
1.654611
1.659307
1.627529
1.619378
1.664936
1.651517
1.635151
1.681814
1.697102
1.670964
1.630356
1.656552
1.679034
1.658949
1.623103
1.637040
1.735034
1.627330
1.678797
1.634513
1.757177
1.653568
1.646667
1.651782
1.660128
1.656775
1.623656
1.607367
1.641944
1.656250
1.638387
1.712375
1.650262
1.699440
1.649587
1.691180
1.633928
1.668040
1.648157
1.644407
1.649722
1.750524
1.687685
1.633177
1.649475
1.617022
1.615296
1.634672
1.608834
1.664717
1.622487
1.687125
1.680253
1.664245
1.656954
1.642293
1.630042
1.685522
1.637762
1.682716
1.671119
1.631521
1.670208
1.664040
1.662208
1.679156
1.675387
1.658008
1.756318
1.634719
1.629019
1.721299
1.663022
1.634004
1.674743
1.673509
1.671655
1.633500
1.686950
1.628403
1.646020
1.695323
1.661619
1.625022
1.688780
1.690916
1.641358
1.646452
1.635839
1.687495
1.689629
1.674411
1.682804
1.719096
1.651742
1.617127
1.610505
1.656463
1.626519
1.615242
1.634281
1.686802
1.634385
1.640353
1.671934
1.687672
1.649836
1.625365
1.618471
1.671022
1.624285
1.624264
1.618499
1.638466
1.659654
1.628922
1.702543
1.630403
1.636374
1.656851
1.613942
1.618466
1.670249
1.673900
1.631469
1.635294
1.637923
1.677788
1.683881
1.615568
1.661291
1.634227
1.649939
1.646495
1.685422
1.623358
1.620055
1.625949
1.770332
1.680931
1.698594
1.615943
1.609413
1.681521
1.695468
1.705422
1.615321
1.647875
1.630014
1.633125
1.607901
1.609236
1.664313
1.626073
1.666186
1.658825
1.673920
1.627805
1.607778
1.629460
1.623242
1.661594
1.618333
1.614314
1.627738
1.617571
1.637680
1.748568
1.622579
1.658276
1.627604
1.670149
1.614949
1.687316
1.626562
1.604437
1.627091
1.613886
1.649928
1.694551
1.595434
1.668122
1.691736
1.600637
1.688711
1.678523
1.657627
1.630092
1.691239
1.624443
1.678658
1.666477
1.655276
1.650381
1.656371
1.680035
1.622024
1.622906
1.743010
1.666043
1.606673
1.618787
1.618381
1.707644
1.607082
1.641598
1.619358
1.611356
1.681010
1.665934
1.641292
1.624149
1.649264
1.603368
1.594177
1.663386
1.611208
1.725984
1.608092
1.613979
1.628136
1.664129
1.654302
1.617528
1.680887
1.682328
1.694141
1.755605
1.613834
1.649295
1.754768
1.658766
1.623740
1.698161
1.626557
1.624244
1.624285
1.634760
1.610626
1.603060
1.633377
1.668240
1.681238
1.603910
1.664848
1.635952
1.605236
1.706515
1.666764
1.727211
1.731925
1.751632
1.648172
1.636053
1.702094
1.790628
1.665954
1.620269
1.648721
1.623029
1.702996
1.598223
1.670222
1.677116
1.622476
1.612915
1.712789
1.613815
1.623194
1.654743
1.616461
1.628360
1.666018
1.617781
1.618997
1.666391
1.606815
1.633099
1.665029
1.636983
1.670711
1.647146
1.706008
1.654974
1.663501
1.623221
1.645322
1.607962
1.690636
1.610817
1.659372
1.648900
1.607810
1.600193
1.738558
1.638869
1.672655
1.696858
1.661063
1.641736
1.753850
1.665128
1.635812
1.653529
1.607223
1.687732
1.612117
1.771933
1.706372
1.645878
1.635746
1.654993
1.628227
1.627859
1.721702
1.625409
1.627273
1.626418
1.678992
1.681593
1.638524
1.679340
1.647447
1.614251
1.613733
1.630935
1.654176
1.663077
1.623459
1.623000
1.637167
1.667841
1.673196
1.633524
1.641877
1.669881
1.663652
1.664455
1.649422
1.658807
1.639489
1.652929
1.644648
1.622769
1.683021
1.602760
1.702715
1.663101
1.718506
1.661329
1.615568
1.758760
1.675931
1.668456
1.651583
1.613075
1.640827
1.714187
1.606131
1.652275
1.646991
1.800010
1.650302
1.634666
1.614081
1.648999
1.626707
1.705619
1.648715
1.666085
1.608736
1.617666
1.675120
1.683221
1.667811
1.609476
1.655330
1.642114
1.635665
1.625095
1.610554
1.647402
1.675358
1.636966
1.649509
1.642669
1.671477
1.641985
1.675738
1.760868
1.758288
1.619993
1.648829
1.627525
1.686954
1.693491
1.637905
1.620425
1.636841
1.647564
1.656539
1.633820
1.613251
1.631226
1.602511
1.625660
1.698715
1.665773
1.706964
1.669105
1.604808
1.733032
1.689144
1.616625
1.625806
1.634523
1.629533
1.662577
1.612704
1.649269
1.647926
1.720758
1.613158
1.611269
1.614536
1.645852
1.606618
1.646093
1.625643
1.718330
1.632730
1.618828
1.615229
1.611593
1.660497
1.742699
1.678147
1.618697
1.724148
1.675650
1.694731
1.625210
1.653553
1.616941
1.644255
1.706730
1.632555
1.598390
1.639470
1.749506
1.631135
1.664705
1.655461
1.733589
1.693655
1.620587
1.688004
1.633412
1.663225
1.623874
1.640582
1.669845
1.649831
1.655980
1.682074
1.677268
1.720450
1.724018
1.676075
1.642395
1.641522
1.704329
1.673555
1.589078
1.611449
1.751193
1.689334
1.613071
1.787683
1.658610
1.686021
1.626561
1.663784
1.670782
1.698062
1.687256
1.678480
1.641790
1.620585
1.701171
1.712630
1.676507
1.672908
1.786518
1.680308
1.665392
1.612723
1.656136
1.670012
1.684249
1.653220
1.644886
1.644978
1.681106
1.608354
1.628108
1.667624
1.655722
1.628469
1.701005
1.657519
1.660917
1.632015
1.696049
1.713232
1.630516
1.622767
1.625862
1.631826
1.624034
1.643120
1.779924
1.758404
1.715404
1.729928
1.724735
1.663447
1.721003
1.646256
1.638670
1.631707
1.655810
1.617097
1.713577
1.641796
1.707514
1.722664
1.632493
1.610666
1.660323
1.617651
1.660644
1.668783
1.603220
1.647339
1.641355
1.604953
1.604515
1.598463
1.687138
1.641764
1.663398
1.666694
1.695331
1.776999
1.610919
1.694865
1.660375
1.646799
1.731979
1.629255
1.621963
1.670635
1.613798
1.602891
1.696719
1.809191
1.728660
1.624583
1.694676
1.657743
1.676260
1.679175
1.624670
1.678725
1.704527
1.657186
1.623899
1.709460
1.649893
1.770210
1.652958
1.691207
1.700011
1.774501
1.680566
1.631090
1.674446
1.646053
1.655835
1.698191
1.627698
1.664117
1.681340
1.691069
1.738665
1.622292
1.605206
1.728836
1.627662
1.762796
1.653869
1.648395
1.618397
1.651021
1.640636
1.612190
1.638871
1.606392
1.685239
1.612959
1.627215
1.642706
1.624595
1.737526
1.664964
1.656603
1.648342
1.689312
1.729434
1.673345
1.609000
1.762158
1.691723
1.616436
1.660437
1.613961
1.647634
1.658338
1.594566
1.633402
1.637568
1.679375
1.677676
1.649387
1.609764
1.626004
1.605590
1.678751
1.651149
1.618420
1.620344
1.597284
1.613320
1.625410
1.610922
1.610938
1.652961
1.622534
1.712723
1.641749
1.608137
1.616632
1.680168
1.635764
1.677560
1.708179
1.662279
1.643300
1.651876
1.676569
1.648441
1.643340
1.640998
1.611130
1.678650
1.669080
1.611056
1.614043
1.672606
1.686199
1.607950
1.624584
1.647019
1.619415
1.622985
1.618999
1.681643
1.631018
1.666061
1.720737
1.608265
1.621987
1.637648
1.795033
1.628126
1.697455
1.674635
1.650228
1.656804
1.619315
1.686535
1.610577
1.625083
1.631880
1.681006
1.676943
1.639034
1.742307
1.715407
1.623766
1.618880
1.614846
1.663969
1.655796
1.639118
1.615032
1.639476
1.691974
1.628319
1.650982
1.650241
1.709020
1.642753
1.624482
1.604156
1.618307
1.656349
1.656923
1.618549
1.611755
1.622009
1.629374
1.642249
1.675695
1.717213
1.673891
1.652838
1.617825
1.624607
1.623797
1.624793
1.613452
1.625858
1.661267
1.644238
1.606653
1.616262
1.625000
1.631269
1.695683
1.625499
1.630723
1.636203
1.642234
1.643593
1.594596
1.629693
1.606289
1.649286
1.604808
1.657935
1.727124
1.646773
1.666372
1.605373
1.706047
1.617565
1.702292
1.640457
1.649127
1.666625
1.614508
1.658689
1.782805
1.667115
1.655134
1.609833
1.613709
1.757624
1.617733
1.638405
1.634965
1.660066
1.617090
1.622351
1.649069
1.654913
1.650180
1.632831
1.628809
1.678021
1.605973
1.642599
1.624745
1.662271
1.688425
1.656259
1.711628
1.664920
1.641772
1.631243
1.639229
1.646271
1.617812
1.656227
1.705978
1.610071
1.667908
1.714221
1.643899
1.610386
1.639498
1.700364
1.634748
1.673112
1.605973
1.674981
1.651698
1.673207
1.650781
1.683480
1.609064
1.613681
1.597210
1.683812
1.638100
1.676863
1.679527
1.617850
1.672033
1.648790
1.663205
1.668158
1.659318
1.655095
1.684682
1.604360
1.621018
1.659765
1.684247
1.641648
1.609015
1.603727
1.641372
1.668273
1.637978
1.763092
1.656157
1.650872
1.627842
1.677948
1.683205
1.620154
1.682841
1.668931
1.609593
1.637251
1.674777
1.707751
1.619195
1.712657
1.646337
1.681629
1.652971
1.627697
1.613596
1.634876
1.611371
1.613632
1.710626
1.631325
1.681222
1.616363
1.665444
1.676057
1.671797
1.667752
1.639465
1.689816
1.635396
1.647285
1.651954
1.668776
1.662202
1.678715
1.605523
1.649240
1.683406
1.645839
1.638339
1.679954
1.616642
1.693884
1.710571
1.624568
1.715417
1.649924
1.684507
1.664226
1.662717
1.595041
1.673437
1.603363
1.629314
1.583325
1.661530
1.634720
1.642524
1.632362
1.667700
1.658606
1.665901
1.633936
1.664218
1.603886
1.617464
1.610040
1.637716
1.683247
1.635906
1.696535
1.600558
1.626509
1.659728
1.728777
1.626381
1.659191
1.610888
1.703078
1.591541
1.685886
1.648432
1.658528
1.615258
1.680285
1.627001
1.637782
1.668077
1.641129
1.659920
1.628176
1.711348
1.619019
1.679736
1.636613
1.755096
1.643259
1.682541
1.701057
1.767231
1.642699
1.689308
1.682099
1.693040
1.707014
1.657666
1.655441
1.665871
1.629213
1.700729
1.592427
1.682000
1.663174
1.640779
1.670869
1.649106
1.622909
1.672908
1.657445
1.663016
1.655689
1.698402
1.634245
1.649590
1.668447
1.657339
1.704638
1.625436
1.705114
1.692355
1.683563
1.622248
1.666948
1.601184
1.658295
1.649279
1.771655
1.669382
1.638887
1.631629
1.616719
1.628605
1.628587
1.689417
1.612715
1.639510
1.623976
1.646850
1.592637
1.654731
1.629675
1.685526
1.632978
1.663565
1.610565
1.673267
1.604212
1.690652
1.724812
1.672175
1.673759
1.617136
1.686475
1.677903
1.637459
1.655762
1.665422
1.627710
1.687862
1.625766
1.629749
1.601697
1.613051
1.608115
1.629158
1.606294
1.644884
1.619008
1.608767
1.641314
1.651974
1.635522
1.608201
1.686453
1.701394
1.622511
1.588906
1.627841
1.629316
1.638803
1.616898
1.684752
1.657228
1.750927
1.665237
1.681311
1.648757
1.610083
1.656403
1.635076
1.647822
1.629609
1.692846
1.647844
1.653559
1.628065
1.639895
1.616541
1.677700
1.632216
1.633538
1.605038
1.626673
1.613381
1.662381
1.600456
1.664845
1.632747
1.627535
1.641117
1.671692
1.644864
1.641544
1.643808
1.674686
1.657140
1.618379
1.745051
1.653305
1.721152
1.675665
1.688405
1.595910
1.660905
1.621171
1.668359
1.625175
1.650961
1.688324
1.670291
1.678780
1.705066
1.633816
1.663544
1.687928
1.618864
1.674322
1.674287
1.675084
1.632220
1.642666
1.737063
1.696968
1.744059
1.620429
1.683844
1.635379
1.685124
1.661660
1.647269
1.682829
1.737483
1.791723
1.652319
1.658746
1.668151
1.707083
1.642250
1.640344
1.649123
1.636204
1.682425
1.615150
1.684835
1.712389
1.652929
1.630757
1.672468
1.620674
1.629838
1.649042
1.640935
1.672228
1.649455
1.679317
1.672672
1.682933
1.655697
1.639911
1.628540
1.671968
1.632612
1.626076
1.721548
1.632832
1.654409
1.629357
1.594493
1.692784
1.613707
1.700690
1.608495
1.658331
1.653195
1.672259
1.644351
1.616170
1.607311
1.637513
1.679653
1.596092
1.614274
1.636313
1.625545
1.601915
1.615475
1.624748
1.658376
1.617776
1.621436
1.638210
1.687203
1.664818
1.622679
1.630043
1.704245
1.682940
1.623542
1.611716
1.613325
1.624678
1.749685
1.686606
1.665053
1.657851
1.596468
1.634643
1.644112
1.652219
1.592263
1.624219
1.662088
1.651687
1.636323
1.623918
1.636330
1.648842
1.604448
1.661585
1.636036
1.623575
1.630346
1.626383
1.606561
1.614487
1.638380
1.667539
1.645432
1.636577
1.603738
1.656835
1.608658
1.631489
1.645520
1.684151
1.615298
1.619884
1.613467
1.638076
1.617577
1.607841
1.612976
1.658498
1.669112
1.647469
1.616945
1.593924
1.673992
1.640423
1.677970
1.642845
1.644353
1.666249
1.671711
1.604016
1.650425
1.702515
1.688072
1.752334
1.617422
1.769737
1.605914
1.700703
1.655106
1.646901
1.657687
1.686182
1.609957
1.659392
1.670267
1.636677
1.655217
1.637472
1.671769
1.638716
1.622131
1.633231
1.704141
1.746655
1.621915
1.683823
1.665583
1.659068
1.643510
1.674201
1.609638
1.613090
1.642687
1.615559
1.647794
1.615765
1.671380
1.703129
1.618046
1.653929
1.653875
1.668668
1.594109
1.631078
1.641021
1.682129
1.586027
1.639912
1.692417
1.674227
1.612827
1.652885
1.731079
1.780003
1.706695
1.662299
1.650250
1.641885
1.687528
1.663929
1.648449
1.604159
1.614991
1.647705
1.669810
1.611692
1.618711
1.617967
1.629480
1.626408
1.619834
1.687187
1.636687
1.685225
1.718553
1.633473
1.614060
1.609154
1.612165
1.673293
1.648638
1.646416
1.661908
1.670682
1.622042
1.652284
1.645494
1.662883
1.612601
1.659557
1.652184
1.648768
1.672866
1.632895
1.697591
1.739463
1.670119
1.637534
1.629901
1.604742
1.619187
1.630799
1.620642
1.630045
1.659308
1.796694
1.651295
1.630359
1.654054
1.639356
1.612149
1.618458
1.695522
1.689999
1.614831
1.615140
1.652034
1.757989
1.592010
1.765629
1.609731
1.619571
1.619920
1.657434
1.631848
1.708874
1.615831
1.669265
1.652809
1.665401
1.630679
1.631357
1.622940
1.712376
1.656481
1.598326
1.646482
1.672234
1.650447
1.647756
1.644449
1.633402
1.742189
1.613207
1.704004
1.686413
1.657700
1.622417
1.662806
1.612973
1.699500
1.661451
1.683632
1.681851
1.622565
1.638392
1.651558
1.600199
1.619661
1.679328
1.677978
1.634271
1.612618
1.636986
1.670169
1.621511
1.662008
1.699088
1.663399
1.598472
1.634846
1.639170
1.632946
1.583624
1.625421
1.649921
1.660392
1.688302
1.675662
1.626595
1.641629
1.605221
1.615347
1.682014
1.616044
1.651787
1.666817
1.602580
1.606882
1.623962
1.643496
1.668754
1.671302
1.719233
1.653947
1.613656
1.679932
1.737446
1.605146
1.706462
1.655307
1.640037
1.685554
1.609759
1.611159
1.644048
1.691433
1.616451
1.644702
1.645089
1.621277
1.591895
1.633076
1.669495
1.695996
1.599640
1.718098
1.722261
1.703586
1.659116
1.620060
1.643868
1.675494
1.691180
1.595887
1.638675
1.616322
1.659809
1.653347
1.650634
1.667824
1.687399
1.622638
1.651731
1.608218
1.654881
1.655725
1.628485
1.619544
1.613939
1.690316
1.625373
1.667180
1.686318
1.648372
1.665023
1.663999
1.722576
1.722598
1.662542
1.628760
1.700035
1.614003
1.606523
1.714236
1.675704
1.646006
1.662162
1.623028
1.648214
1.613461
1.674297
1.687877
1.623373
1.654471
1.661453
1.632107
1.616454
1.662043
1.672772
1.616557
1.628233
1.630875
1.610555
1.602876
1.644534
1.686558
1.700931
1.621357
1.607821
1.661004
1.622990
1.617854
1.611890
1.747124
1.622446
1.656320
1.620648
1.707154
1.682913
1.683399
1.602114
1.673717
1.696271
1.627673
1.639613
1.615059
1.715933
1.655445
1.782365
1.642618
1.642712
1.613155
1.772901
1.635725
1.628625
1.656106
1.684161
1.686133
1.588944
1.669278
1.604801
1.616620
1.591457
1.638019
1.661123
1.633061
1.637724
1.712594
1.642069
1.631582
1.646622
1.619409
1.625447
1.638309
1.606752
1.688369
1.666460
1.609387
1.599264
1.704347
1.626050
1.615110
1.609323
1.602142
1.667489
1.652937
1.607480
1.610116
1.614643
1.596589
1.636218
1.634979
1.696666
1.639877
1.620406
1.600813
1.664023
1.612002
1.674371
1.613015
1.676938
1.660113
1.639590
1.622827
1.656817
1.748808
1.620356
1.683488
1.607991
1.673219
1.622064
1.652807
1.593876
1.707214
1.627160
1.685091
1.608577
1.662018
1.652419
1.734488
1.652083
1.726166
1.692201
1.657525
1.690023
1.659988
1.661536
1.653160
1.633996
1.614034
1.706688
1.770100
1.640387
1.694211
1.675320
1.735734
1.619818
1.696427
1.613324
1.634702
1.702970
1.610109
1.616698
1.632239
1.654030
1.710799
1.624093
1.658809
1.664894
1.670791
1.646100
1.622452
1.801807
1.642708
1.698797
1.712958
1.670977
1.730178
1.617817
1.683288
1.611837
1.634790
1.658800
1.680277
1.610968
1.633334
1.622126
1.677069
1.640693
1.661689
1.628699
1.656722
1.647183
1.687504
1.618676
1.711715
1.678249
1.650521
1.629686
1.600418
1.626220
1.572952
1.609544
1.725099
1.630026
1.615158
1.634947
1.649790
1.647557
1.609464
1.656559
1.779853
1.635608
1.648147
1.612654
1.760142
1.641278
1.644259
1.671897
1.712964
1.629879
1.622145
1.652573
1.639379
1.593246
1.672576
1.683983
1.666789
1.661446
1.685529
1.661700
1.656195
1.654155
1.675901
1.687926
1.597281
1.616073
1.603257
1.674008
1.625615
1.621849
1.741146
1.626707
1.645826
1.736288
1.620851
1.713321
1.672422
1.624369
1.700904
1.656029
1.658692
1.613538
1.672096
1.624368
1.634053
1.675248
1.631056
1.698630
1.664755
1.618157
1.615852
1.697833
1.668223
1.639302
1.660308
1.710094
1.602985
1.629265
1.603162
1.618207
1.731248
1.647711
1.626000
1.709567
1.660725
1.712295
1.658400
1.649110
1.674862
1.668991
1.693627
1.650275
1.659095
1.640173
1.668274
1.602838
1.675932
1.646113
1.611353
1.599411
1.726723
1.671560
1.733092
1.649280
1.615452
1.625606
1.650158
1.615776
1.643723
1.657129
1.670907
1.603796
1.585850
1.668305
1.616688
1.676207
1.592155
1.659878
1.740236
1.620793
1.609002
1.678150
1.644140
1.630170
1.698849
1.646792
1.617078
1.638037
1.680449
1.590408
1.634627
1.614788
1.652561
1.618196
1.629023
1.598215
1.653378
1.623935
1.703650
1.619431
1.617210
1.707098
1.666225
1.700987
1.667773
1.633954
1.673750
1.681845
1.606244
1.601927
1.599328
1.645695
1.669285
1.667248
1.617430
1.665355
1.648265
1.615149
1.625411
1.624360
1.660877
1.663673
1.652074
1.636673
1.614073
1.664638
1.614993
1.702170
1.702209
1.645532
1.616036
1.628982
1.651506
1.643842
1.604828
1.617435
1.762089
1.652741
1.619995
1.595735
1.636096
1.674125
1.648174
1.604594
1.617280
1.611595
1.608562
1.635821
1.785002
1.614791
1.620716
1.637737
1.615682
1.656981
1.623241
1.596522
1.652779
1.782717
1.728855
1.603079
1.611404
1.710422
1.686190
1.666384
1.662460
1.619617
1.744173
1.692762
1.644496
1.650284
1.710700
1.637319
1.612378
1.610622
1.616115
1.607019
1.601615
1.606621
1.625696
1.682152
1.641626
1.638586
1.690203
1.630152
1.629691
1.752410
1.668337
1.693003
1.678700
1.658174
1.660159
1.701987
1.616074
1.612497
1.635832
1.626659
1.664194
1.636113
1.587220
1.676708
1.610715
1.618133
1.595367
1.661627
1.682763
1.653600
1.618447
1.670723
1.618664
1.745376
1.684175
1.661804
1.716245
1.638927
1.606694
1.618511
1.678372
1.613461
1.609115
1.637961
1.693145
1.670966
1.607106
1.602492
1.657357
1.674199
1.705581
1.636574
1.607317
1.623305
1.633642
1.598028
1.651601
1.673852
1.606541
1.631113
1.642476
1.622567
1.660695
1.606082
1.635850
1.678990
1.659853
1.606551
1.628877
1.619011
1.724676
1.649134
1.609997
1.639967
1.632056
1.672547
1.672959
1.648118
1.665557
1.664210
1.656668
1.673916
1.677858
1.678123
1.644242
1.634292
1.634752
1.656892
1.693029
1.616670
1.620154
1.731246
1.659516
1.622357
1.617371
1.699984
1.732664
1.617260
1.642386
1.638824
1.631494
1.625012
1.645839
1.653606
1.634475
1.659386
1.614264
1.713230
1.719975
1.680675
1.605539
1.631332
1.696784
1.714779
1.631600
1.653034
1.673554
1.679876
1.735111
1.639802
1.627701
1.635230
1.623254
1.628965
1.648763
1.661345
1.611601
1.777181
1.607726
1.654678
1.648035
1.631525
1.593282
1.705502
1.701401
1.635078
1.650483
1.680322
1.659636
1.717511
1.693741
1.697457
1.670891
1.635467
1.652799
1.644372
1.635677
1.677192
1.629205
1.681636
1.663539
1.642143
1.633612
1.631186
1.733662
1.640343
1.659381
1.689425
1.623213
1.698531
1.637996
1.666540
1.683951
1.732144
1.644354
1.671143
1.650014
1.616588
1.677417
1.625644
1.738592
1.591533
1.631947
1.649308
1.667490
1.679419
1.653084
1.633658
1.649081
1.678946
1.651355
1.627582
1.691358
1.758554
1.610543
1.662590
1.781405
1.741557
1.601613
1.605332
1.628987
1.620464
1.713002
1.591366
1.684533
1.607613
1.644204
1.675237
1.674039
1.642748
1.633881
1.624845
1.623555
1.629332
1.657201
1.616440
1.693230
1.701678
1.653070
1.603902
1.639664
1.639212
1.626355
1.634269
1.659534
1.691918
1.670960
1.712618
1.602729
1.739189
1.692477
1.611711
1.669841
1.594453
1.711777
1.663492
1.649494
1.585434
1.624886
1.618119
1.620804
1.611520
1.664616
1.678005
1.651560
1.581242
1.619661
1.614186
1.664414
1.635675
1.709142
1.713703
1.691035
1.611198
1.818247
1.712835
1.638049
1.702531
1.638145
1.660519
1.753480
1.619066
1.700641
1.634310
1.736936
1.635093
1.646696
1.637150
1.654372
1.707956
1.625475
1.641675
1.666740
1.693827
1.636250
1.701095
1.650944
1.706340
1.710831
1.668259
1.668820
1.678498
1.694578
1.635322
1.638316
1.667750
1.754205
1.620118
1.622645
1.628341
1.666315
1.626545
1.631792
1.611339
1.628460
1.706585
1.721286
1.614531
1.602320
1.775009
1.685606
1.632259
1.663795
1.683019
1.625177
1.696657
1.647061
1.661291
1.797006
1.673216
1.643824
1.672673
1.680324
1.619220
1.789601
1.627434
1.617381
1.639082
1.674480
1.594524
1.692627
1.643939
1.659186
1.608654
1.610720
1.632945
1.634985
1.649640
1.594786
1.665330
1.611258
1.616611
1.665011
1.635594
1.659820
1.667365
1.651621
1.677576
1.622266
1.684809
1.602852
1.694604
1.678091
1.717436
1.624612
1.623662
1.638604
1.697607
1.621376
1.633619
1.696966
1.738086
1.667637
1.595779
1.609840
1.625259
1.678781
1.603495
1.648493
1.740573
1.669390
1.648832
1.655593
1.682968
1.638919
1.674295
1.627177
1.639896
1.659047
1.631329
1.590796
1.673614
1.651943
1.661380
1.648420
1.684567
1.629621
1.619671
1.592433
1.614397
1.627906
1.616999
1.598025
1.613664
1.647645
1.673671
1.621791
1.703933
1.699605
1.620339
1.656711
1.660418
1.646891
1.642120
1.640537
1.649416
1.659345
1.665543
1.623718
1.654039
1.670254
1.744311
1.626578
1.605008
1.637471
1.624852
1.639906
1.622913
1.596388
1.642937
1.622358
1.696166
1.627880
1.628138
1.657091
1.612221
1.604335
1.621094
1.731784
1.624229
1.594613
1.664946
1.696404
1.655852
1.592786
1.645694
1.627291
1.643034
1.624960
1.660971
1.665620
1.659295
1.652542
1.615209
1.637339
1.635903
1.618697
1.644877
1.661243
1.665704
1.619695
1.621160
1.689753
1.631721
1.706800
1.622000
1.626477
1.617068
1.653523
1.658635
1.658299
1.639563
1.678972
1.655376
1.600399
1.636540
1.614591
1.648760
1.650740
1.692892
1.655955
1.821454
1.626035
1.652800
1.639133
1.655013
1.672571
1.648680
1.710032
1.630312
1.644400
1.600646
1.638100
1.627959
1.666923
1.606698
1.676608
1.694819
1.632795
1.591002
1.663801
1.665387
1.657445
1.626852
1.700989
1.687905
1.621293
1.661944
1.641252
1.684309
1.668283
1.618095
1.729877
1.628243
1.619990
1.652977
1.591127
1.627400
1.769334
1.660824
1.602124
1.647739
1.661446
1.612143
1.618333
1.676758
1.663233
1.674086
1.639682
1.618914
1.636208
1.754463
1.643485
1.685041
1.622142
1.624587
1.624370
1.618381
1.617794
1.626637
1.622661
1.603166
1.650643
1.641222
1.730739
1.652353
1.608700
1.623611
1.625579
1.666985
1.660447
1.670350
1.682002
1.630774
1.623485
1.629554
1.627009
1.667349
1.652268
1.718711
1.682616
1.655246
1.626122
1.604032
1.705593
1.651216
1.636000
1.674035
1.686000
1.673440
1.645932
1.632803
1.637272
1.687602
1.635114
1.601113
1.682062
1.678876
1.653453
1.636459
1.637407
1.627175
1.727321
1.650858
1.671794
1.635227
1.672283
1.647871
1.659962
1.627757
1.615538
1.740473
1.610093
1.642652
1.628630
1.658693
1.624753
1.642535
1.705373
1.713061
1.600574
1.671225
1.642931
1.673916
1.635860
1.672379
1.659604
1.701831
1.775005
1.729798
1.637261
1.679796
1.712396
1.838995
1.670680
1.615955
1.625154
1.679429
1.617388
1.772559
1.669290
1.704544
1.642107
1.621299
1.624640
1.618176
1.665971
1.609159
1.678727
1.653727
1.641544
1.710356
1.678532
1.622161
1.670962
1.611482
1.648981
1.652650
1.708446
1.710192
1.591202
1.606261
1.667628
1.735586
1.625398
1.649860
1.773174
1.692173
1.681652
1.642569
1.661540
1.680155
1.680765
1.696417
1.652623
1.707113
1.627383
1.689156
1.675519
1.688859
1.658431
1.674641
1.633632
1.668684
1.663610
1.655360
1.651294
1.703710
1.727851
1.656633
1.674754
1.624645
1.652313
1.681990
1.668265
1.616752
1.627160
1.688885
1.693054
1.596776
1.611775
1.673248
1.646223
1.694502
1.622912
1.645375
1.642239
1.608416
1.603536
1.651902
1.689958
1.645971
1.596549
1.684955
1.667332
1.616142
1.602574
1.625800
1.620459
1.622186
1.674917
1.730141
1.682058
1.636972
1.601933
1.618239
1.688167
1.740914
1.627232
1.637003
1.642447
1.656626
1.688661
1.645764
1.681116
1.677745
1.649390
1.652351
1.624788
1.630967
1.667972
1.644860
1.679618
1.729306
1.702163
1.659769
1.656828
1.645412
1.688043
1.708339
1.633785
1.668494
1.648312
1.620641
1.624111
1.682796
1.678732
1.665808
1.674496
1.699068
1.698099
1.644161
1.667233
1.671870
1.699544
1.646792
1.636580
1.685940
1.607013
1.715971
1.636552
1.676374
1.610148
1.712397
1.650900
1.646813
1.617407
1.673577
1.656451
1.619077
1.610017
1.614365
1.663744
1.661871
1.608759
1.685519
1.666268
1.642968
1.664406
1.631543
1.654921
1.679223
1.636461
1.663075
1.703846
1.744782
1.708903
1.636488
1.625181
1.633653
1.744751
1.715827
1.618941
1.693000
1.710294
1.760174
1.697348
1.599274
1.663193
1.704724
1.655786
1.647773
1.635480
1.741550
1.646856
1.597235
1.653226
1.736456
1.725147
1.616700
1.608812
1.674439
1.639141
1.653071
1.647196
1.617939
1.726390
1.731422
1.638763
1.614228
1.661690
1.623379
1.631151
1.633081
1.668130
1.627577
1.631520
1.603457
1.721584
1.691684
1.616223
1.638581
1.659146
1.709207
1.621818
1.617384
1.671860
1.669026
1.667455
1.650394
1.616004
1.676175
1.626823
1.709382
1.635507
1.690874
1.711740
1.653430
1.610783
1.641882
1.652052
1.695371
1.608360
1.642316
1.628839
1.660834
1.630790
1.694301
1.652200
1.621043
1.652333
1.611171
1.720061
1.625915
1.704152
1.658215
1.669197
1.669132
1.750462
1.773919
1.626043
1.655721
1.635264
1.608029
1.609454
1.663759
1.637882
1.609745
1.611384
1.673842
1.649594
1.678869
1.613350
1.651922
1.652017
1.682980
1.615223
1.624922
1.629398
1.695934
1.628222
1.592685
1.651231
1.634798
1.620895
1.647019
1.678997
1.775187
1.688655
1.603187
1.665996
1.631754
1.635305
1.633738
1.655407
1.710201
