11.871
11.698
12.076
11.261
12.441
11.613
10.836
12.236
11.111
11.930
11.022
11.423
11.186
11.710
12.218
11.569
11.771
10.770
11.216
11.519
11.355
11.679
11.302
11.245
11.161
11.197
11.439
11.058
11.177
11.237
11.086
12.225
10.820
11.537
11.151
11.328
11.471
10.638
10.844
10.681
10.534
11.571
11.634
11.514
11.708
11.161
11.590
10.825
11.576
11.404
11.129
11.529
11.218
11.014
10.667
11.079
11.432
11.186
11.497
10.984
11.431
12.769
10.944
12.289
11.138
10.974
10.978
10.634
12.057
11.554
11.291
11.381
11.743
10.999
10.726
11.773
10.782
11.868
11.350
11.443
11.953
11.706
12.561
10.816
11.155
11.496
11.215
11.186
11.238
12.765
10.818
10.703
11.003
10.617
11.215
11.050
10.752
11.807
11.272
11.506
10.966
11.236
11.842
11.517
11.434
11.378
11.478
11.379
11.299
10.895
10.546
11.213
11.135
10.932
11.338
13.318
12.633
10.882
11.720
11.176
10.788
11.468
10.839
10.920
11.922
11.335
12.986
11.847
11.212
10.747
10.771
10.884
11.563
12.535
10.732
10.797
11.663
11.493
13.111
11.842
11.831
11.556
12.539
12.214
11.457
12.294
11.342
11.864
11.544
12.816
11.218
11.197
12.048
11.457
10.975
11.256
10.860
11.574
11.824
11.321
11.854
11.324
10.911
11.313
11.102
11.151
11.451
11.337
11.066
11.683
12.096
11.522
10.737
10.743
10.780
11.790
11.031
12.311
11.049
11.063
11.157
10.976
10.642
11.957
11.324
10.528
11.171
10.654
10.749
11.910
10.783
10.974
11.308
10.883
11.371
11.111
11.475
10.827
12.068
11.054
11.292
11.779
10.875
11.479
10.681
10.564
11.423
11.175
11.802
10.948
11.328
11.424
10.631
11.247
11.342
11.514
11.393
10.906
11.295
11.434
10.921
11.168
10.844
10.954
10.767
10.886
10.988
11.252
11.060
11.182
13.198
11.233
12.166
11.498
10.882
11.260
11.431
12.303
11.568
11.452
11.386
11.633
12.015
11.289
11.556
11.710
11.664
11.356
10.786
11.625
11.231
11.233
12.516
11.484
12.172
11.696
11.922
11.292
11.487
11.628
12.145
12.097
11.374
11.068
11.525
11.106
12.331
11.115
11.557
11.949
11.581
11.140
10.765
10.939
11.180
11.020
12.173
11.661
11.277
11.661
11.146
10.718
13.322
11.559
10.936
12.152
10.963
10.784
11.667
11.277
11.844
10.971
10.686
10.972
11.438
10.999
10.534
12.143
10.712
12.603
11.842
10.634
11.668
11.974
11.931
11.900
11.697
12.247
11.529
11.538
11.028
11.332
11.179
11.462
11.874
11.259
10.814
11.972
11.231
11.038
11.141
11.222
11.762
12.226
13.128
13.297
11.021
11.925
12.214
12.743
10.886
11.170
11.872
12.235
12.167
12.136
11.172
12.363
11.027
10.937
10.931
11.278
11.347
10.775
11.302
11.921
10.667
10.908
11.225
10.649
11.632
11.149
11.603
11.309
10.630
11.268
10.950
12.407
10.757
11.131
11.065
11.456
11.122
11.084
10.714
12.313
11.133
10.912
11.053
11.195
11.433
11.391
11.615
10.679
11.621
11.170
11.341
11.508
10.722
11.181
10.604
10.973
11.583
10.650
11.555
10.994
11.440
11.446
10.724
10.854
11.076
11.249
10.821
11.125
10.908
10.587
11.760
10.991
10.694
11.463
10.597
11.064
11.154
11.779
11.047
10.916
11.181
11.129
11.591
11.851
11.199
12.218
11.532
10.656
10.899
11.212
11.098
10.656
10.556
11.651
11.229
10.969
10.907
10.829
10.931
11.450
11.926
11.300
11.418
10.793
10.788
11.270
11.185
11.487
11.440
11.320
11.164
11.564
11.520
10.925
11.240
12.151
10.974
11.535
10.886
11.385
11.667
12.297
11.084
10.755
10.810
11.885
11.266
10.963
11.288
10.861
10.683
10.797
11.357
11.584
11.312
10.952
10.656
12.151
11.718
11.713
10.960
11.128
10.787
11.248
11.589
10.708
11.114
10.815
10.953
11.747
11.828
11.619
11.134
11.903
11.513
11.178
12.350
10.762
11.180
10.909
10.725
10.879
10.955
11.304
10.754
11.446
10.905
11.554
10.776
11.981
11.519
11.225
11.033
10.939
10.862
11.172
11.358
11.733
11.307
11.095
11.140
10.871
10.713
10.870
10.686
10.836
11.362
10.703
11.581
10.701
11.036
10.839
11.262
11.920
11.459
11.451
11.905
11.310
11.254
11.220
10.708
10.730
11.320
11.552
10.634
11.123
11.252
11.472
11.498
11.788
10.865
10.982
11.019
10.864
10.674
11.480
10.716
10.764
10.863
10.679
11.200
11.122
10.749
10.873
10.645
10.820
11.116
11.791
11.699
10.695
11.825
10.690
10.677
10.899
10.790
11.621
11.773
11.240
10.887
11.299
11.462
11.217
10.963
12.073
10.870
12.006
10.772
10.864
10.836
11.248
10.979
11.592
10.886
11.088
11.335
11.571
11.876
11.779
11.060
11.225
11.562
11.289
10.888
10.909
10.622
10.837
10.625
11.223
11.504
10.635
11.173
10.772
10.939
10.765
10.731
12.466
10.725
10.936
10.952
11.455
11.607
11.568
11.086
10.790
10.819
12.511
11.118
11.630
10.958
11.556
11.508
11.380
10.867
11.128
11.685
11.296
11.328
11.828
11.933
11.944
10.969
12.739
11.374
10.855
11.425
11.081
10.886
11.151
10.875
11.374
10.652
12.751
11.012
10.597
11.166
11.173
11.191
10.671
10.798
10.964
10.709
10.968
11.180
11.931
12.319
11.298
11.132
11.335
10.923
11.629
10.866
11.996
10.824
13.444
11.309
12.240
11.636
10.825
11.594
10.738
11.886
11.093
12.432
12.058
11.231
12.314
11.367
10.859
12.750
12.306
11.563
11.784
12.063
10.955
12.446
11.195
11.004
10.903
10.776
10.912
11.776
11.197
11.281
11.627
14.814
12.993
11.227
11.124
11.011
11.786
11.289
11.716
10.925
12.053
12.052
10.756
10.825
10.625
11.805
11.490
10.632
11.690
11.470
11.179
10.933
11.845
11.369
11.173
11.201
10.687
11.126
10.950
10.882
11.361
11.337
11.087
11.492
10.702
10.806
10.600
11.441
11.216
10.872
11.405
10.736
11.144
11.065
10.742
11.402
10.678
11.585
11.585
11.239
11.302
10.774
12.059
10.750
11.283
11.086
11.581
11.264
11.026
10.818
11.532
10.546
11.405
11.271
11.136
11.234
11.373
11.915
11.026
11.447
10.992
10.736
12.095
10.653
10.913
11.337
11.787
10.773
10.628
10.745
11.113
11.898
11.185
11.406
11.851
11.343
11.839
11.534
10.876
10.941
10.789
12.320
11.264
10.836
10.911
10.791
10.787
11.639
10.844
12.007
11.193
12.425
11.793
13.024
11.307
11.620
10.878
11.188
10.800
10.916
11.419
10.846
11.089
12.453
11.334
10.986
11.871
11.176
11.384
11.324
11.663
10.788
10.645
12.111
10.647
10.789
10.968
11.536
10.884
11.122
10.804
11.291
11.077
11.252
11.080
11.367
11.391
11.245
10.900
11.019
11.137
11.370
10.645
11.227
11.380
10.784
10.850
11.538
10.904
10.748
10.901
11.035
11.215
11.278
10.785
10.884
11.532
10.917
10.849
10.750
11.471
11.630
10.921
10.883
10.947
10.848
11.056
10.680
11.478
10.613
11.153
10.953
10.804
10.861
10.954
11.604
10.746
11.419
12.339
11.326
12.058
10.630
12.079
11.431
10.777
11.275
10.703
10.812
11.706
10.795
10.827
10.834
11.270
10.718
11.026
11.513
10.786
12.269
12.060
10.894
11.001
11.150
11.903
11.106
10.669
11.207
10.702
11.340
10.640
10.603
11.534
11.774
10.859
11.000
10.690
10.880
10.683
12.042
10.561
10.616
10.857
10.660
11.729
11.369
10.784
11.735
10.675
11.592
10.654
11.342
11.551
11.558
11.885
11.944
10.842
10.987
10.717
10.999
10.950
10.848
11.156
11.695
11.961
10.677
11.099
11.162
10.611
10.848
10.631
11.200
11.045
10.782
10.934
10.809
11.382
11.052
10.800
12.628
11.248
11.338
11.154
10.820
12.020
10.851
11.153
10.770
10.815
10.843
10.895
10.910
10.763
10.823
11.382
11.428
11.296
11.577
11.446
11.421
11.350
12.085
11.448
10.933
11.343
10.757
11.704
11.533
11.512
10.746
10.659
11.005
11.322
11.611
10.920
11.832
11.128
11.331
10.854
10.830
10.776
10.848
10.663
10.864
11.155
10.793
10.832
10.719
10.976
10.723
10.734
10.718
10.707
11.767
11.037
10.686
11.386
10.619
11.811
10.798
11.375
10.847
11.768
10.841
11.722
11.446
11.099
10.744
11.193
10.562
11.140
11.720
10.697
11.216
10.912
10.906
11.863
11.167
10.868
10.692
11.084
11.174
10.675
11.694
11.073
11.261
10.979
12.537
11.967
10.627
11.272
11.197
10.776
11.048
10.780
11.479
11.364
10.860
11.107
11.444
11.958
10.789
10.892
10.802
11.747
11.733
10.775
11.399
10.825
11.136
11.253
11.431
11.689
11.126
11.511
10.729
11.288
10.819
10.583
10.601
11.930
10.767
12.073
11.271
10.730
11.285
10.824
11.997
11.252
10.879
10.555
10.948
11.348
10.895
11.227
11.055
11.338
10.815
11.106
10.809
11.164
10.706
12.672
11.064
11.414
11.330
10.950
11.537
11.653
10.846
11.683
10.853
11.244
11.028
11.319
11.291
10.823
10.799
11.172
11.557
11.233
11.621
11.174
10.979
12.000
11.327
11.372
10.636
10.669
11.318
11.037
10.969
11.091
10.987
11.000
10.564
10.856
10.782
11.530
11.600
11.233
11.158
10.990
11.203
11.171
11.186
11.718
11.068
10.668
11.139
10.685
10.825
10.764
11.423
11.749
10.852
12.360
11.220
10.918
11.326
11.267
11.150
11.173
11.310
11.111
10.604
11.201
11.347
10.889
10.685
11.537
10.809
10.932
10.882
11.105
10.740
10.858
10.758
11.385
11.542
11.344
10.876
10.779
11.259
10.824
10.793
12.782
11.180
12.146
11.008
11.059
11.357
10.933
12.260
11.060
11.444
11.900
10.803
12.908
10.865
11.816
11.362
10.725
10.751
11.184
11.486
10.631
10.724
11.124
11.415
11.397
10.583
10.722
11.696
10.880
11.283
11.137
11.607
10.707
10.728
11.326
10.984
10.734
11.937
10.812
10.927
11.123
11.336
11.387
11.195
11.298
11.549
10.872
11.320
10.794
11.455
11.509
10.956
11.175
11.219
11.827
10.749
10.988
11.276
11.593
11.914
10.774
11.455
11.470
10.828
11.189
11.026
11.111
11.106
10.942
11.729
11.493
10.902
11.132
12.578
11.098
11.116
10.895
11.539
10.972
10.765
10.778
11.468
10.781
10.938
10.778
11.480
11.818
11.258
11.577
10.745
11.235
10.659
10.648
11.857
11.227
11.437
10.893
10.687
11.371
10.918
10.720
10.756
10.930
11.500
10.803
12.252
11.006
11.355
11.400
10.635
10.816
10.626
10.983
11.308
11.347
11.591
11.016
10.608
11.143
11.171
11.546
10.677
11.249
10.887
10.552
10.787
12.784
10.872
10.973
11.222
11.403
11.173
10.913
10.774
10.687
10.916
10.713
10.712
11.640
10.657
10.993
11.301
11.658
10.806
10.722
11.554
10.726
11.208
10.801
10.660
11.429
10.930
10.893
11.053
11.387
10.887
10.680
10.540
11.014
11.838
11.085
10.702
11.069
10.790
10.954
10.888
11.092
10.704
10.929
10.702
11.211
11.041
10.738
11.940
11.390
12.330
11.317
10.840
11.436
11.930
11.976
11.039
11.645
11.397
11.383
11.440
11.970
11.443
10.995
10.846
11.197
10.803
11.340
11.391
11.305
11.084
10.740
10.859
10.799
11.317
11.891
10.955
10.902
10.740
10.866
10.825
11.016
11.224
11.797
11.147
11.242
11.013
10.914
11.459
11.214
11.361
11.144
12.300
10.682
10.824
10.711
11.361
12.136
11.486
11.794
10.765
11.653
11.806
10.984
10.875
10.784
11.348
11.139
11.332
10.937
10.780
11.709
11.151
11.283
10.849
10.909
11.937
10.802
11.568
11.162
11.038
10.994
11.455
11.935
10.969
11.846
11.570
10.686
11.490
11.353
10.993
11.750
11.411
11.440
10.736
11.131
12.119
11.723
12.064
10.889
11.179
11.281
11.219
10.886
11.382
11.418
11.629
11.425
11.646
12.078
11.361
10.585
11.455
11.287
10.824
11.365
10.688
10.864
10.880
11.162
11.157
10.762
10.797
11.913
11.333
11.419
11.315
10.873
10.826
11.637
10.891
10.763
11.525
11.449
11.198
11.815
11.791
12.328
11.276
10.961
11.271
11.003
11.144
11.040
10.744
10.682
11.143
11.412
10.708
10.762
11.910
10.985
10.795
11.267
11.586
11.494
10.578
10.892
10.749
11.159
10.753
11.077
12.171
10.648
11.726
10.853
11.185
10.850
10.606
11.684
11.141
11.095
10.869
10.658
10.827
11.086
10.606
11.853
10.750
12.140
10.678
10.993
11.828
11.353
12.247
11.061
11.519
11.632
10.655
11.433
10.731
11.022
11.061
11.016
11.769
11.253
12.610
10.886
10.773
10.964
10.988
11.183
11.300
10.630
11.726
10.931
12.274
10.811
11.119
11.253
11.055
11.615
11.112
13.013
11.550
10.657
11.186
10.714
11.893
11.527
11.274
10.794
11.155
11.332
10.761
10.788
11.667
10.729
11.773
11.182
11.322
11.468
10.805
11.016
10.721
12.114
10.905
10.870
11.193
10.722
10.630
11.485
10.882
11.120
11.298
11.333
10.778
11.070
11.279
10.751
10.811
11.205
11.203
10.907
10.651
11.157
11.799
10.517
10.810
10.552
11.193
10.757
10.937
11.255
10.846
10.777
11.219
10.968
10.914
11.212
10.710
11.125
11.133
11.870
10.562
10.740
10.784
11.312
11.658
11.357
11.662
12.076
11.020
11.545
11.108
10.931
10.806
10.760
10.973
10.767
11.215
10.805
10.693
10.881
10.958
10.791
11.367
10.659
11.078
10.756
11.858
11.591
11.211
10.988
10.998
11.425
10.771
10.761
11.934
10.731
11.233
11.152
11.483
11.485
11.660
11.439
10.777
11.184
11.043
11.351
11.514
11.363
11.747
11.762
10.802
11.008
11.028
10.929
10.999
11.192
11.376
11.134
11.074
10.787
10.917
11.659
11.357
10.929
11.109
10.800
11.626
11.085
11.283
11.092
11.157
10.911
10.918
12.530
11.610
10.897
11.483
11.512
10.902
11.105
11.584
10.659
10.612
11.950
10.694
10.924
11.397
10.987
11.162
11.096
12.083
10.806
11.259
11.050
11.374
11.515
11.541
10.793
11.229
10.754
11.473
10.748
10.721
11.323
10.569
11.297
10.813
10.744
11.810
10.519
11.102
10.611
10.726
11.325
10.597
11.308
10.768
11.073
10.880
11.022
10.814
10.697
10.690
10.876
10.561
10.866
11.250
11.543
10.906
11.036
11.546
11.892
11.518
10.885
10.727
11.242
11.667
10.800
12.091
11.075
11.338
11.523
11.181
10.761
11.000
11.763
10.465
11.309
11.257
10.738
11.731
11.025
11.904
11.102
11.203
10.850
11.083
11.493
10.742
11.473
11.835
10.879
10.893
10.791
10.757
12.026
10.585
11.332
10.747
11.638
11.365
10.777
10.925
10.730
11.239
11.469
10.598
11.367
11.505
10.866
10.739
11.004
11.128
10.888
11.118
12.428
10.696
12.154
10.989
10.911
10.683
10.928
11.537
10.680
11.184
10.715
11.203
11.915
10.564
11.716
11.251
10.860
11.171
10.947
11.757
10.836
11.035
11.030
11.114
12.100
11.087
10.838
12.216
10.624
11.514
10.877
10.830
11.224
10.600
11.607
10.501
11.423
11.198
11.326
12.311
10.549
12.190
11.563
12.004
10.907
11.258
11.121
10.960
10.961
11.317
10.737
10.913
10.781
10.876
11.211
11.460
10.937
10.745
11.022
11.564
11.224
12.281
11.181
11.147
10.787
10.888
10.970
11.005
11.023
10.800
11.506
12.063
10.740
11.399
10.800
10.775
11.515
11.292
10.917
11.592
10.866
11.300
11.219
10.913
11.756
11.726
11.297
10.738
11.779
10.720
11.000
10.803
11.007
11.580
10.953
11.467
10.914
10.654
11.247
10.834
10.902
10.723
11.120
11.804
10.860
11.244
11.077
11.297
11.636
11.200
11.480
11.353
11.563
11.214
11.250
11.931
11.042
11.332
11.006
11.438
12.075
11.333
11.981
11.620
12.094
11.634
11.401
10.984
11.270
11.843
11.175
10.751
12.291
11.388
12.583
10.921
12.019
11.386
10.769
10.966
11.249
11.581
11.180
11.512
12.218
10.780
11.634
10.773
10.992
11.799
10.536
12.396
10.777
11.162
11.538
10.759
11.847
11.307
11.471
10.835
11.441
10.923
10.734
11.807
11.384
10.783
10.969
11.183
10.998
10.783
10.758
11.094
10.952
12.298
11.577
11.382
11.846
11.893
11.962
11.007
11.208
11.421
11.249
11.772
10.811
12.107
10.657
11.232
10.937
11.079
11.323
10.663
11.164
11.483
11.294
11.019
11.041
11.560
11.417
10.743
11.420
11.495
11.389
11.191
10.584
12.802
11.200
11.743
11.223
10.803
11.648
11.129
11.380
11.010
10.868
11.293
11.444
10.935
11.515
10.815
11.744
11.444
11.271
10.680
10.923
11.357
10.768
11.113
11.125
10.988
11.255
10.776
11.272
10.946
10.987
10.902
11.275
11.593
10.724
11.635
10.807
11.478
11.483
10.760
11.761
11.174
10.988
11.180
11.436
10.915
11.036
11.372
12.024
10.854
10.899
10.615
10.964
11.546
10.986
11.676
10.674
11.257
11.227
10.798
11.614
11.399
11.472
11.417
10.848
12.173
10.801
11.576
11.279
11.365
11.562
12.021
11.519
11.389
11.609
11.220
11.904
11.588
11.420
11.565
11.234
11.818
12.071
11.755
11.517
11.701
11.649
11.302
11.368
11.375
10.893
12.689
10.633
11.658
10.630
10.585
11.379
10.484
10.834
11.066
11.355
12.571
10.561
10.910
10.736
11.109
10.952
10.558
11.076
11.011
11.566
10.912
10.936
10.976
11.128
10.736
10.937
11.157
11.818
11.029
11.015
11.202
11.079
12.339
10.638
11.097
11.541
10.763
10.897
10.939
10.855
11.842
10.759
11.759
10.972
12.255
11.317
11.437
11.714
10.726
11.072
10.768
12.089
11.489
11.432
11.124
10.757
11.348
11.097
11.398
11.029
11.039
12.103
10.843
11.143
11.613
11.364
11.278
11.228
10.758
11.964
10.710
11.501
10.768
10.791
11.569
11.349
10.896
11.479
10.843
11.009
11.398
10.893
11.433
11.534
11.135
11.470
11.543
10.744
11.238
10.910
10.809
12.450
10.997
11.715
11.430
11.303
11.056
10.719
11.417
10.783
10.737
11.857
11.330
11.155
11.036
10.794
11.092
11.026
10.919
11.103
10.778
12.199
10.533
10.882
11.349
11.270
12.229
10.607
11.147
10.538
10.688
10.869
10.514
11.156
10.635
11.133
11.091
11.432
11.309
10.600
11.384
11.627
11.975
10.896
11.342
11.309
11.240
11.441
10.921
11.266
11.265
11.729
11.407
12.400
10.762
11.591
11.162
11.240
11.897
10.884
11.416
11.132
11.343
11.142
11.008
11.609
11.053
10.985
10.833
10.997
10.928
11.230
11.426
11.309
11.128
11.270
11.141
10.949
11.224
11.326
11.498
11.431
11.579
10.988
11.252
11.378
10.935
10.923
11.128
10.892
10.845
11.159
10.945
10.729
10.873
10.914
11.216
11.223
11.281
10.912
11.699
11.223
11.777
10.809
11.212
10.833
10.793
11.677
11.260
10.979
10.770
10.822
11.352
11.338
11.375
10.749
10.673
10.927
10.576
10.861
10.668
10.569
13.244
10.810
10.894
10.748
10.729
10.908
10.568
12.862
10.667
11.288
11.137
10.952
11.159
11.725
10.699
11.797
11.030
12.338
11.040
10.871
11.252
10.959
11.345
10.630
11.326
11.541
11.499
11.894
10.780
11.353
10.770
11.436
11.223
10.763
11.696
11.416
10.923
11.190
10.763
11.678
10.988
10.914
10.833
11.119
10.916
10.854
11.348
10.813
10.964
10.920
10.584
10.866
11.403
10.599
10.907
10.783
10.819
11.465
11.044
10.835
10.925
11.075
10.829
10.710
11.154
10.993
10.761
10.856
10.646
11.375
10.696
10.730
11.848
10.922
10.811
10.630
10.726
11.475
11.021
10.832
10.664
11.356
11.556
10.580
10.910
10.539
10.668
10.847
11.075
11.761
11.165
12.282
11.139
11.496
11.364
10.943
11.793
11.639
10.860
12.707
11.721
10.891
11.218
12.038
11.001
11.168
12.108
10.947
11.887
11.329
11.122
11.307
12.060
12.543
10.747
11.508
11.146
10.799
11.602
11.414
10.917
10.742
10.644
11.963
11.346
11.285
11.524
11.334
11.586
10.503
10.863
10.649
11.421
10.946
10.479
11.498
10.714
11.224
11.281
10.573
11.185
10.548
10.643
10.992
10.408
11.225
11.223
11.032
11.971
10.592
11.458
10.710
11.148
10.934
11.113
11.444
11.402
11.746
11.161
10.968
11.486
10.700
11.078
11.376
10.662
11.627
11.276
11.308
11.081
11.048
11.649
11.043
11.294
10.723
10.797
11.500
11.241
11.300
10.628
10.601
11.035
10.495
11.219
10.734
11.181
10.892
10.668
11.050
11.221
11.293
12.128
10.572
11.307
11.280
10.818
12.030
10.496
10.970
10.755
11.091
11.073
11.248
10.965
10.759
11.245
10.942
11.176
11.547
11.000
10.952
11.410
10.530
11.382
10.876
11.270
10.751
11.004
11.499
10.977
11.577
11.223
10.979
11.550
10.909
12.099
11.114
11.386
11.455
10.487
10.814
10.634
11.195
11.332
10.443
10.920
11.084
10.987
11.509
10.423
11.496
11.735
10.956
12.216
10.542
11.746
10.886
10.795
11.322
10.775
11.576
11.330
11.230
11.420
11.229
11.027
10.959
11.309
11.212
10.794
10.945
10.990
10.941
11.656
10.887
12.399
10.733
11.073
11.417
10.909
12.641
10.565
10.956
11.211
11.498
10.941
10.735
11.922
10.955
11.370
11.359
11.234
11.895
10.867
11.119
11.146
11.275
12.315
10.917
10.952
11.291
10.761
11.624
10.710
10.933
10.808
11.359
11.629
11.022
11.458
10.746
11.180
10.997
11.162
11.410
10.796
11.298
11.382
11.396
10.960
11.052
10.841
11.922
11.399
10.948
10.998
10.840
10.955
10.736
11.855
11.092
11.529
11.435
10.739
11.578
11.290
11.595
11.386
11.370
11.330
11.416
11.365
11.513
10.848
12.019
11.171
11.378
11.032
11.838
11.281
10.799
10.990
10.732
11.261
11.220
10.793
11.187
11.016
11.125
10.880
10.769
11.144
11.084
11.173
10.771
10.792
12.659
10.723
11.114
11.187
10.801
11.159
12.318
10.939
11.030
11.580
11.099
10.778
11.626
10.735
11.505
11.032
11.816
11.856
11.155
11.061
11.427
10.717
11.702
10.537
10.827
11.120
10.605
12.017
10.664
10.813
10.610
11.271
11.937
10.729
10.784
10.996
10.769
11.561
11.127
10.944
11.286
11.229
11.403
10.987
11.036
10.782
11.406
11.050
10.674
10.907
10.754
11.414
11.070
11.302
11.056
11.622
10.847
11.096
10.711
10.999
10.603
10.772
10.954
11.477
10.914
10.597
10.759
12.130
10.755
10.914
10.656
11.451
11.305
11.261
11.262
10.477
10.730
11.229
12.133
12.124
12.022
10.774
10.570
12.013
11.750
10.871
10.767
12.079
10.679
11.455
11.223
11.218
10.965
10.813
11.353
10.887
10.912
10.683
10.797
10.915
11.407
10.911
11.036
10.784
12.471
11.580
12.137
10.745
10.878
12.216
10.788
11.585
10.770
11.678
10.882
11.282
11.178
11.459
11.569
11.367
11.524
11.578
10.767
11.828
10.600
12.153
10.671
11.293
12.339
11.439
11.239
11.052
11.548
11.842
11.270
11.456
11.693
11.192
11.462
11.910
11.465
10.613
12.126
11.880
10.785
10.958
11.465
10.877
11.164
10.674
10.934
11.434
10.892
10.721
10.797
11.234
11.469
10.895
11.199
10.510
10.976
10.752
11.360
10.773
11.461
11.006
10.555
11.396
10.625
10.786
10.928
11.382
11.655
11.163
10.833
11.308
10.740
11.265
10.743
11.200
11.464
11.123
10.812
10.723
10.790
11.263
10.767
11.639
10.825
10.837
10.979
11.137
11.488
11.425
12.064
12.918
11.407
11.424
11.136
10.909
10.683
11.297
11.587
10.979
11.034
11.069
11.273
11.324
10.693
11.118
11.095
11.485
11.769
11.106
10.896
10.919
11.706
11.689
10.563
11.555
10.704
11.393
11.245
10.768
11.753
11.446
10.905
10.961
11.503
11.364
10.766
11.300
11.180
11.085
10.939
10.987
10.905
11.082
11.141
10.955
11.291
11.320
11.273
11.213
11.869
11.103
12.311
10.698
10.837
11.393
11.312
11.243
11.511
11.240
10.934
11.557
10.942
11.875
11.974
10.916
10.886
11.344
11.297
11.678
10.839
11.292
11.283
11.373
11.833
11.159
11.271
11.309
10.756
10.954
11.192
10.880
11.186
10.800
11.416
11.039
11.460
10.771
10.765
11.192
11.123
10.886
11.192
11.920
11.843
10.777
11.280
11.183
11.440
10.902
10.944
11.515
11.310
11.776
11.471
11.153
10.907
11.070
11.660
10.948
11.400
12.403
10.861
11.441
10.967
10.761
11.481
11.105
12.074
11.095
11.295
11.188
11.274
10.986
11.119
11.257
10.921
10.654
12.139
10.621
10.892
11.266
11.428
10.922
10.611
10.733
11.033
11.537
11.851
10.891
11.192
11.149
11.455
11.448
10.766
10.728
11.108
10.603
11.446
10.625
11.006
11.250
11.021
11.384
10.588
11.012
10.804
10.638
10.931
10.852
11.929
10.899
11.447
11.760
10.850
10.856
11.085
10.668
11.121
11.250
11.789
11.363
10.872
11.233
11.635
12.200
10.727
11.493
10.879
10.780
11.875
11.452
11.362
10.982
11.238
11.491
11.441
11.273
11.227
10.753
11.976
10.732
10.933
10.722
11.030
12.477
11.832
12.071
11.036
11.521
11.176
10.754
11.270
11.421
11.611
11.167
10.916
11.624
11.469
12.124
11.121
10.963
11.723
10.601
11.280
11.392
11.554
11.337
11.189
12.528
11.539
11.626
11.167
11.351
10.883
11.271
10.977
11.234
13.290
11.594
10.772
10.942
10.732
11.249
11.128
10.823
11.842
11.228
10.963
10.725
11.396
10.909
11.233
10.933
10.727
10.791
11.896
11.468
11.219
11.257
10.872
11.204
11.139
12.046
11.078
10.889
11.433
11.774
11.575
10.762
11.208
10.739
10.772
10.961
11.236
10.906
11.170
10.745
11.937
10.767
11.368
11.108
10.823
11.928
11.184
10.962
10.923
11.120
11.020
10.607
11.437
11.017
11.423
11.291
11.562
11.241
11.217
10.728
11.570
10.593
10.925
10.645
11.127
11.157
10.822
10.943
10.714
11.396
10.921
10.709
10.923
10.729
10.745
10.919
10.757
10.876
10.650
10.521
11.575
10.575
10.936
10.676
11.086
11.108
11.442
11.433
11.173
10.665
10.895
10.896
11.647
11.378
10.712
11.177
10.977
10.928
10.763
11.282
11.087
11.216
11.704
11.482
11.137
10.668
10.587
11.335
11.056
10.647
11.077
10.634
10.934
11.123
10.724
11.233
11.095
10.908
11.117
10.853
11.185
11.242
11.596
10.782
11.768
11.140
10.801
11.708
10.764
12.244
11.255
11.244
11.235
10.593
11.842
10.677
10.570
11.212
10.710
10.867
11.058
10.876
11.307
11.556
11.859
11.520
10.816
11.138
10.675
11.574
11.471
10.748
11.368
10.918
11.595
10.662
10.797
10.747
10.724
10.945
10.686
10.751
10.633
10.956
11.326
11.451
11.805
11.068
10.992
12.781
10.575
11.372
11.057
10.604
11.323
10.844
10.875
10.976
11.170
11.765
11.242
11.458
11.287
10.676
11.153
11.114
12.950
10.706
10.753
11.142
10.987
10.964
11.422
10.895
11.257
11.058
11.166
11.190
11.310
10.920
10.696
11.820
10.994
11.347
10.930
10.959
11.681
11.423
11.795
10.748
11.313
12.280
11.095
11.217
10.805
11.199
11.462
11.299
12.044
11.447
12.051
11.370
10.923
10.908
11.113
12.487
11.157
11.311
10.808
11.232
11.222
10.743
10.825
10.791
11.114
11.794
11.200
11.228
11.156
11.408
12.036
11.445
11.235
11.635
11.207
11.299
10.624
12.020
11.487
11.618
11.289
10.870
12.043
10.592
11.167
11.488
11.424
11.728
11.165
11.347
11.094
11.163
11.448
10.778
10.917
10.803
11.384
11.132
11.781
11.518
11.303
10.824
11.045
11.408
11.566
11.348
11.819
10.587
10.694
11.485
11.113
11.750
11.677
11.083
12.051
10.771
12.114
11.420
10.886
11.513
10.779
11.245
11.003
11.276
10.787
10.778
11.294
10.770
10.897
11.082
11.454
12.349
10.784
11.182
11.413
10.779
10.852
11.208
10.911
11.117
10.907
11.383
11.039
11.372
10.741
10.767
11.245
10.541
12.120
10.711
11.092
11.184
11.546
10.956
11.426
11.775
11.018
11.404
10.904
10.739
11.568
10.935
10.754
11.536
10.951
10.855
11.033
11.034
12.586
11.328
11.584
11.198
11.833
11.051
11.543
12.026
11.222
11.705
11.254
10.614
10.984
11.352
11.016
11.087
10.759
10.953
10.798
10.861
11.374
10.793
11.243
10.619
11.188
10.693
11.266
12.018
11.062
11.064
11.122
11.507
12.730
10.613
11.895
10.568
11.134
11.138
11.194
10.830
11.128
11.149
11.082
10.867
12.280
11.110
11.647
11.089
10.510
11.586
10.743
10.724
10.843
11.159
11.783
11.177
10.757
11.106
11.030
10.910
10.911
12.236
11.255
11.093
11.030
11.318
11.290
10.693
10.708
12.057
10.785
11.342
10.712
12.667
10.841
10.762
10.912
11.042
10.756
11.277
10.790
11.312
10.740
10.741
11.544
11.177
10.912
10.747
11.131
10.849
10.725
11.534
11.212
11.719
11.115
11.097
11.751
10.725
10.717
11.441
10.678
11.405
10.852
11.410
11.023
10.950
10.863
10.774
10.550
11.481
10.952
11.082
10.771
11.141
11.683
10.784
11.570
11.149
11.347
11.382
10.887
11.400
11.247
11.310
11.078
10.701
11.354
11.078
11.902
10.543
10.829
10.901
10.724
11.246
11.325
10.726
11.255
10.582
11.386
10.985
11.138
11.073
10.550
11.531
10.635
10.554
10.782
11.132
10.847
10.612
10.620
11.472
11.271
10.955
10.777
10.637
10.957
11.713
11.378
11.285
10.851
10.984
10.664
10.736
11.416
10.585
10.915
12.185
11.977
10.927
11.364
12.052
11.569
11.921
11.305
11.184
11.138
10.762
11.582
11.445
11.193
11.222
11.433
11.851
10.963
11.942
11.235
11.068
12.068
11.114
10.920
10.824
11.511
11.178
10.795
12.143
10.750
11.321
11.081
11.172
11.247
10.789
11.214
11.128
11.039
11.710
11.221
11.732
10.757
11.338
11.278
11.431
11.347
11.167
10.620
11.423
10.632
11.326
10.742
11.358
11.339
11.026
11.592
11.316
10.844
10.942
10.764
11.364
11.184
10.817
11.372
10.960
10.886
11.166
10.728
10.610
11.176
11.946
11.192
10.714
11.037
10.778
10.922
11.444
11.523
10.753
10.764
11.267
11.072
10.838
10.769
10.778
10.898
10.758
11.174
10.951
11.412
11.815
11.194
12.159
11.063
10.750
11.742
10.766
10.842
10.567
10.692
11.352
10.778
11.503
11.003
11.038
12.512
10.717
12.551
12.221
10.722
11.478
11.233
11.023
10.781
10.821
11.322
10.741
11.267
10.753
10.850
10.831
11.646
10.926
10.741
11.153
10.757
10.770
10.918
10.977
10.802
11.510
10.982
11.475
11.426
10.864
10.898
10.738
11.301
10.869
10.812
10.799
11.284
11.327
10.546
10.712
10.943
10.660
10.871
10.765
11.328
10.870
11.274
10.950
10.738
11.247
11.577
10.778
10.915
10.778
10.783
10.855
10.747
10.956
11.030
10.764
10.976
10.955
11.584
10.742
10.772
10.974
11.457
11.871
11.107
11.652
11.201
11.887
11.910
10.749
10.887
11.003
10.810
11.975
10.795
11.579
11.073
11.064
11.969
11.144
12.247
10.626
10.765
11.326
11.112
10.840
10.939
10.751
10.758
10.951
10.828
10.646
11.180
11.615
10.757
11.296
11.188
11.445
11.659
11.949
11.232
11.425
11.610
11.033
11.579
11.805
10.769
11.857
11.116
11.321
11.719
10.739
12.085
11.585
11.543
11.152
10.831
11.626
11.331
11.182
11.238
11.228
12.166
11.130
11.562
10.969
11.140
10.824
11.436
11.262
10.763
11.786
11.047
11.236
12.237
11.052
11.134
11.294
10.955
10.816
11.032
11.513
10.593
10.528
11.798
10.801
10.982
11.284
10.749
11.802
10.679
11.401
10.914
10.992
11.692
11.153
11.971
11.429
10.943
11.692
11.415
11.143
11.757
11.995
11.264
11.100
12.321
11.385
12.333
10.726
10.836
11.067
10.745
11.310
11.456
10.817
11.035
10.774
11.221
11.402
11.453
11.341
11.054
12.027
11.226
11.235
11.287
11.238
11.413
10.796
10.894
11.083
11.224
10.887
11.379
11.376
11.019
12.452
11.069
10.716
11.570
10.710
11.082
11.250
11.065
12.577
11.007
12.607
11.096
11.223
11.475
11.207
11.789
10.909
11.670
11.274
11.210
11.826
10.802
10.811
11.652
10.783
11.443
10.761
10.799
11.467
11.413
10.968
10.804
11.040
10.951
11.179
11.841
10.747
11.329
10.904
10.955
13.043
10.742
11.836
11.220
10.745
10.825
10.819
10.952
10.737
10.787
10.926
11.899
11.278
10.511
11.113
11.536
10.769
11.202
11.087
10.919
11.486
11.683
11.827
11.798
11.854
10.921
11.391
11.131
10.743
10.865
11.190
11.317
10.906
11.367
11.954
11.064
11.253
10.860
11.422
10.916
11.219
10.829
11.224
11.230
11.059
10.757
11.080
11.425
10.760
11.578
11.337
11.415
10.768
10.761
10.894
11.233
10.750
10.663
10.832
11.858
10.555
11.359
10.849
11.558
10.923
10.509
10.904
10.830
10.630
10.842
11.410
10.877
11.419
11.231
11.788
10.770
11.165
11.419
11.446
11.984
11.524
10.933
10.721
10.772
11.803
10.850
11.219
10.689
10.819
11.270
11.054
10.954
11.037
11.109
11.605
10.583
11.761
10.611
10.794
12.556
11.692
12.735
11.024
11.195
11.789
11.357
10.918
10.766
11.181
11.123
10.705
10.913
11.167
10.661
11.131
11.462
10.991
10.708
11.235
10.455
10.599
11.412
10.573
11.198
10.741
10.573
11.746
10.697
11.092
11.367
11.304
10.906
11.010
10.774
11.146
10.755
10.918
11.068
11.087
11.102
10.775
11.431
11.240
10.746
11.131
10.558
12.751
12.558
10.856
10.736
10.796
11.229
11.203
10.930
10.718
10.806
11.504
10.790
10.924
11.254
10.821
10.860
10.786
11.400
11.015
11.124
10.908
10.768
10.946
11.219
11.326
11.142
10.930
10.937
11.113
10.764
11.125
11.209
10.903
11.247
11.092
10.894
11.442
12.198
11.462
11.542
12.040
11.326
12.986
11.090
11.281
11.269
10.807
12.497
11.529
10.981
11.150
10.822
11.718
10.750
10.942
10.732
10.891
11.316
10.792
10.922
10.767
10.819
11.557
10.824
10.953
10.751
10.863
10.861
11.103
11.905
11.188
10.824
10.817
10.755
10.961
11.400
11.231
10.842
11.544
10.982
10.748
11.315
11.800
11.261
11.654
11.330
10.916
11.348
11.353
10.898
10.751
12.819
10.892
11.325
12.172
11.324
11.512
10.799
11.111
11.542
10.792
11.387
11.448
11.398
10.822
10.759
10.937
10.786
10.922
10.728
11.398
11.412
10.753
10.925
11.398
11.149
11.520
11.093
11.373
11.364
10.774
11.770
10.771
11.309
10.900
10.599
11.249
11.167
10.893
11.593
11.114
11.316
11.138
10.943
11.181
10.788
11.273
10.777
11.325
10.750
10.803
10.869
11.480
10.959
11.407
11.161
11.729
10.680
11.286
11.470
11.920
11.019
11.256
11.557
11.563
11.965
10.859
10.988
11.267
10.964
11.227
11.045
10.895
10.905
11.175
11.810
11.313
10.662
11.333
11.921
11.246
11.952
12.072
10.723
10.930
11.375
11.204
10.927
10.800
11.074
11.563
10.948
10.962
11.168
11.158
11.561
11.552
10.939
11.256
10.833
10.868
10.750
10.921
11.146
11.052
11.092
10.781
11.972
11.460
10.857
11.136
11.210
10.955
10.731
11.270
11.295
11.096
11.402
11.217
11.409
11.394
11.064
11.771
10.775
11.239
10.761
11.273
11.090
11.712
11.389
10.575
10.889
10.859
11.641
11.024
10.685
11.535
10.981
11.546
10.903
11.165
11.113
11.103
10.666
11.550
11.363
10.810
10.854
11.182
11.033
10.783
11.062
11.592
10.830
10.962
11.214
11.359
11.215
10.829
11.533
11.251
11.569
11.638
11.464
11.863
10.741
11.406
11.793
10.795
11.451
11.198
11.769
11.769
11.330
11.316
10.676
11.427
10.722
11.428
11.614
10.762
10.924
10.773
11.504
11.370
10.672
10.957
10.779
10.926
10.837
10.700
11.217
11.374
11.577
11.802
11.366
10.876
10.744
11.194
11.309
10.798
11.234
11.128
12.297
10.786
11.372
11.421
10.953
10.942
11.464
11.180
11.295
10.719
12.574
10.775
10.921
11.204
11.393
12.057
11.185
10.943
11.089
11.377
11.828
11.236
11.989
11.199
10.901
11.362
10.663
10.980
10.761
10.878
11.353
11.149
10.958
10.764
11.054
11.543
10.679
11.654
11.210
11.318
11.245
11.081
12.621
11.133
11.895
10.763
11.198
10.777
10.592
11.863
11.078
10.733
10.722
11.326
10.885
10.706
10.667
11.356
11.449
10.922
11.299
10.826
11.194
10.494
11.357
10.631
10.985
12.183
11.266
10.955
10.728
10.757
10.844
10.761
10.922
11.113
10.851
10.815
10.770
10.935
11.220
11.273
11.319
10.761
10.967
10.603
11.487
10.855
11.160
10.936
10.920
10.818
11.331
11.538
10.989
11.343
11.172
11.179
11.032
12.042
10.910
10.730
11.355
10.787
11.259
11.088
10.884
11.260
11.123
11.439
10.731
10.831
10.859
10.709
11.229
11.110
11.297
10.836
10.909
11.116
11.199
11.285
11.358
10.778
11.722
10.758
11.384
11.310
10.981
11.631
10.768
12.094
10.774
10.801
11.453
11.471
11.514
11.063
11.255
11.132
11.131
11.872
11.433
11.463
11.961
11.991
11.282
10.644
11.104
11.664
10.665
10.881
10.549
11.647
11.055
10.609
10.712
10.623
10.830
10.794
10.644
10.903
10.762
10.882
11.171
10.724
11.158
10.768
10.909
10.803
10.733
11.254
11.118
10.856
11.185
10.742
11.464
10.777
11.282
11.111
11.446
11.437
11.449
11.292
11.030
10.760
11.516
10.758
12.729
10.781
11.481
11.201
10.943
12.116
10.991
11.628
11.303
11.025
11.361
11.275
11.678
11.526
11.412
11.730
10.767
11.624
11.061
11.856
11.343
10.893
11.327
11.213
10.910
11.369
10.684
11.252
10.773
10.881
11.233
11.325
11.606
10.787
11.477
10.808
11.250
10.882
10.745
10.885
11.271
11.433
11.716
11.060
10.927
10.779
11.130
11.856
11.450
10.958
11.400
10.829
11.677
10.717
10.927
10.718
10.767
11.635
10.733
11.128
11.197
11.027
11.186
10.907
10.931
10.781
10.820
11.545
10.764
10.912
11.129
10.795
10.873
11.841
10.939
11.385
11.253
11.858
10.969
10.974
10.782
10.865
10.884
10.984
10.953
10.666
10.705
11.766
10.459
10.908
11.248
10.838
11.311
10.719
11.330
11.221
11.048
10.935
10.911
10.940
10.772
10.827
11.121
10.719
10.900
10.580
10.581
12.208
11.149
11.296
10.757
10.836
11.400
11.172
11.530
11.144
11.269
10.887
11.038
11.361
11.170
12.262
12.041
10.768
11.667
11.244
11.573
11.518
10.994
11.770
10.695
10.940
11.196
10.746
10.697
10.841
11.639
11.221
10.702
11.451
10.528
10.940
10.586
10.749
11.266
10.778
10.955
12.032
11.633
11.234
10.693
10.927
11.076
11.536
11.435
10.739
10.948
11.263
10.867
11.260
10.557
11.527
10.931
10.816
10.878
10.481
11.272
10.821
10.747
11.259
10.487
11.515
11.411
11.022
10.985
10.737
10.952
11.296
11.229
11.507
11.038
11.257
11.001
10.907
11.257
10.560
11.850
10.601
11.340
11.131
10.942
11.619
10.471
11.130
11.678
10.620
12.564
10.717
11.680
11.058
10.645
11.207
10.526
10.882
10.748
10.600
11.670
11.728
10.904
10.967
10.646
12.100
10.847
11.362
11.082
10.621
11.465
11.181
11.370
10.962
11.180
12.124
10.954
11.140
11.035
10.668
11.367
10.581
12.061
10.627
10.838
10.868
11.003
11.318
11.064
10.868
10.808
10.363
10.927
11.128
10.893
11.139
10.697
10.966
10.771
11.150
11.581
11.395
11.692
10.752
10.911
10.894
10.693
10.957
11.199
10.870
11.318
10.670
11.161
11.321
10.885
10.859
10.734
11.302
11.290
10.879
10.838
11.053
11.631
10.791
12.150
10.970
11.097
10.946
10.955
11.014
10.739
10.864
10.934
11.119
10.878
11.440
10.980
12.698
10.491
11.962
11.216
10.725
11.538
10.535
11.453
11.137
11.040
11.087
11.305
11.822
11.273
12.129
11.099
11.068
10.944
11.397
10.928
11.373
10.869
11.215
10.713
11.183
10.822
10.737
10.864
10.579
11.314
11.134
10.607
10.935
10.606
11.191
11.234
11.047
11.881
11.126
10.878
11.327
10.778
12.115
11.181
11.125
10.958
11.245
11.556
10.825
11.408
11.199
11.562
11.094
11.363
11.583
11.232
10.810
10.877
10.718
11.767
10.583
11.310
11.220
11.709
11.472
10.654
11.843
10.607
10.637
12.032
10.604
11.688
11.481
11.003
11.968
10.559
11.413
10.731
11.162
10.838
10.495
10.897
10.764
11.493
11.470
10.936
10.961
11.127
10.858
11.394
10.824
11.947
10.921
11.166
10.717
10.435
11.318
10.766
10.883
11.715
11.110
11.616
10.702
10.870
10.804
10.716
11.320
11.141
10.868
11.439
10.698
11.446
11.147
11.693
11.775
11.114
11.525
10.696
10.936
11.370
11.211
11.436
10.726
10.907
10.523
10.539
11.005
11.159
10.841
10.717
10.741
11.585
10.756
11.188
11.258
11.089
11.258
11.112
11.459
10.781
11.451
12.642
11.406
11.923
11.209
10.924
11.247
10.763
12.176
10.741
11.261
11.026
11.036
11.386
11.214
10.990
10.753
11.156
11.247
11.386
11.745
10.784
10.826
11.402
11.175
11.769
10.957
10.893
11.179
11.139
10.966
11.216
10.869
10.885
10.714
11.539
11.042
11.576
10.977
10.404
11.386
10.677
11.653
11.263
11.169
12.147
11.216
12.414
11.398
12.636
11.362
11.131
11.640
10.762
11.606
11.005
10.889
11.394
10.960
10.838
10.670
10.423
11.802
11.227
10.926
10.666
10.527
11.532
10.652
11.312
10.825
10.559
11.886
10.714
10.822
10.720
10.567
11.079
11.113
10.886
11.581
10.981
10.961
10.929
11.264
11.450
10.735
11.807
10.720
10.926
11.509
10.785
10.951
11.096
12.320
10.783
11.294
10.939
11.229
11.005
11.218
10.891
11.677
11.041
11.676
11.385
11.255
11.407
10.687
11.728
11.352
11.639
10.797
10.594
12.079
10.531
12.226
10.643
10.545
10.863
10.602
11.299
11.343
11.374
11.533
10.693
10.921
11.064
10.853
11.581
10.703
10.945
11.881
11.445
11.198
11.108
11.265
11.704
11.266
11.115
11.010
10.996
11.193
11.338
11.190
11.515
11.660
10.757
11.167
11.226
10.749
11.663
11.177
11.684
10.760
10.829
11.603
10.726
10.954
10.785
11.279
11.480
10.713
11.915
10.769
11.802
11.733
10.748
11.808
11.071
12.402
11.026
11.052
11.221
11.127
10.984
11.638
10.888
11.408
10.407
10.933
11.065
10.603
12.184
10.390
10.918
10.658
10.764
11.466
10.832
11.623
10.833
11.348
11.226
10.672
11.343
10.792
11.873
11.979
10.720
11.713
10.949
10.959
11.685
11.323
11.796
10.719
10.895
10.769
11.172
11.563
11.150
10.959
10.805
11.384
11.523
11.157
11.238
10.762
11.451
11.260
10.680
10.972
10.784
11.124
11.026
10.706
11.545
10.778
11.257
11.331
10.998
11.998
11.250
11.436
10.871
11.239
12.043
11.482
11.839
10.748
11.312
11.545
10.480
11.717
10.678
11.345
11.974
11.360
11.646
11.361
11.194
11.730
11.001
11.430
11.014
11.330
10.742
10.648
11.737
10.465
10.712
10.813
10.849
11.815
11.518
10.850
11.129
10.581
11.229
10.468
12.858
10.820
10.656
11.060
11.154
11.296
10.891
10.710
10.989
10.741
11.316
11.190
11.194
11.503
10.709
11.271
10.545
11.132
11.036
10.543
10.888
10.806
10.724
11.145
10.960
10.948
10.673
10.572
11.633
10.528
10.804
11.093
11.265
12.186
10.491
10.858
10.677
10.474
11.030
11.859
11.428
11.204
11.375
12.046
10.433
12.295
10.488
11.306
11.823
10.650
11.340
11.158
10.825
10.749
11.106
10.974
10.945
10.976
11.699
11.164
12.019
11.035
11.905
10.697
10.556
10.985
10.411
11.114
11.198
10.849
11.818
10.750
10.764
10.769
10.457
11.001
10.677
11.470
11.032
10.454
11.259
11.107
11.049
10.785
10.457
11.290
10.417
11.445
10.929
11.138
11.084
10.744
11.126
10.892
11.059
11.029
10.749
10.834
11.376
10.702
10.975
10.798
10.797
10.911
10.737
10.946
10.773
11.230
12.075
10.690
10.940
11.476
10.804
11.098
11.247
12.042
10.731
10.815
11.423
10.702
11.914
10.926
11.677
11.321
10.727
12.096
10.736
11.530
10.673
10.977
12.420
10.712
11.866
11.152
10.787
11.120
10.737
11.302
10.949
12.077
12.308
10.919
11.003
11.082
10.902
11.463
11.107
11.421
11.180
11.294
11.152
11.225
10.910
10.812
11.231
10.742
10.529
11.216
10.498
10.764
11.210
10.530
11.993
10.515
10.823
11.039
10.725
12.246
10.780
11.207
11.256
11.168
11.654
10.692
11.749
10.847
10.779
11.555
10.698
11.335
11.342
10.817
12.423
10.674
11.008
11.317
10.845
11.281
11.025
11.027
10.866
11.351
11.489
10.719
11.706
10.679
10.866
11.560
11.076
11.700
10.716
12.247
11.007
11.279
11.243
10.679
11.579
11.259
10.782
11.608
10.712
11.467
10.885
10.836
11.840
11.324
10.996
11.273
10.767
11.213
10.420
11.944
10.583
11.496
11.284
10.943
10.999
11.048
10.923
10.759
11.084
11.825
11.134
11.077
10.598
10.433
11.020
10.506
10.727
10.745
10.465
11.026
11.261
10.667
11.682
11.200
12.022
10.739
10.942
11.217
10.741
11.419
10.722
11.617
10.998
10.695
12.046
10.710
11.391
11.174
11.301
13.196
11.257
11.006
11.044
11.521
11.553
10.978
11.353
10.442
11.374
11.045
10.749
11.496
11.260
11.250
11.208
10.782
11.371
10.429
10.792
11.123
10.527
12.012
11.458
11.427
11.014
10.649
11.001
10.511
10.775
10.828
10.732
11.428
10.711
10.863
11.346
11.422
12.168
11.099
11.376
11.091
10.765
10.949
10.680
10.917
10.968
10.597
11.842
11.018
12.790
11.337
12.702
11.007
10.506
11.204
11.468
11.571
11.073
10.753
11.007
10.720
10.901
11.246
10.738
11.708
10.770
10.933
10.841
10.790
11.022
11.196
11.450
11.382
11.497
11.397
11.112
11.613
11.076
10.571
11.366
10.879
10.951
11.501
11.592
11.213
10.611
11.840
11.036
11.243
11.023
10.703
11.326
10.890
10.694
11.024
10.815
10.982
11.148
11.091
10.718
10.985
10.949
10.546
10.646
10.848
10.442
10.967
10.751
11.057
12.053
10.505
11.335
11.086
10.722
11.069
11.126
11.810
11.150
11.058
11.345
10.474
11.305
10.924
11.862
11.069
10.475
11.716
10.801
12.099
10.776
10.579
11.001
11.300
10.845
10.930
10.539
10.995
10.514
10.703
11.340
10.597
10.946
10.534
10.740
11.431
10.493
10.995
11.078
11.294
11.214
10.743
10.990
10.591
10.681
11.052
10.581
12.648
10.518
10.739
11.302
10.588
10.935
10.768
10.738
10.862
10.509
11.424
10.588
10.570
11.969
10.582
10.942
11.095
10.648
11.255
10.766
10.853
11.313
10.682
10.955
10.500
10.833
10.766
10.575
12.046
10.617
11.108
11.428
10.839
11.541
10.679
11.710
11.011
11.018
11.594
10.828
12.194
11.004
11.038
10.943
10.674
10.948
10.733
10.675
11.044
10.430
10.844
11.488
10.529
10.901
10.647
11.639
10.914
10.741
11.221
10.582
10.895
10.923
11.395
10.967
11.163
10.946
11.298
10.976
11.744
11.147
11.212
11.166
12.180
11.201
10.711
10.993
10.816
11.430
11.248
10.771
11.554
11.244
10.955
11.013
10.593
10.965
10.930
10.860
11.431
10.523
11.327
10.531
10.943
10.937
10.538
11.875
10.992
10.777
11.306
10.429
13.124
10.455
11.778
10.790
10.617
11.570
10.422
11.407
11.055
11.201
12.543
11.156
12.371
11.861
12.453
11.341
13.469
11.668
10.740
11.934
11.442
12.271
12.624
11.528
13.650
12.578
11.849
11.701
11.772
10.731
12.489
11.680
11.505
11.811
10.988
11.796
11.114
10.843
11.832
10.914
11.882
11.203
10.767
11.033
10.375
12.197
10.719
11.961
10.708
11.167
12.492
10.740
11.593
11.119
10.931
11.666
10.492
10.991
11.395
11.086
11.346
10.456
12.248
10.753
11.112
11.690
10.531
11.273
11.413
11.069
11.378
10.936
11.756
11.260
11.239
10.810
10.694
11.335
10.539
10.765
12.227
10.512
12.806
10.632
11.070
11.033
10.870
11.308
10.432
11.367
11.242
10.565
11.205
10.414
11.155
11.589
10.562
11.022
11.037
10.756
11.164
10.797
11.281
10.992
10.977
11.445
11.529
11.208
11.777
11.796
11.683
11.901
11.888
10.717
11.369
10.983
11.142
11.404
10.749
11.022
10.814
11.118
10.847
11.247
11.168
10.705
11.085
11.074
10.714
11.632
11.124
11.553
10.821
10.727
11.453
10.594
10.915
11.187
10.718
11.455
10.546
10.866
11.288
11.460
11.928
11.297
12.465
11.130
10.911
11.456
10.715
12.550
10.546
11.424
10.936
10.558
11.204
11.116
10.743
10.978
10.997
11.021
11.086
10.669
10.790
10.487
12.074
10.428
11.672
10.810
11.010
11.341
10.599
10.699
10.809
10.530
10.960
11.155
11.634
11.526
10.565
11.970
10.748
11.082
11.508
11.037
12.185
10.532
11.825
11.309
11.436
11.125
10.499
10.890
10.804
10.528
11.096
10.545
11.485
10.796
10.606
10.958
10.801
10.838
10.653
10.500
11.953
10.854
10.727
10.740
10.470
10.983
10.481
11.124
11.479
10.496
11.039
10.713
11.611
11.181
10.763
11.000
11.070
11.276
11.364
11.130
11.915
11.088
11.843
11.473
11.535
11.005
10.998
10.957
10.975
11.218
10.933
10.660
11.338
11.568
10.824
10.934
10.464
11.929
10.968
11.390
10.855
10.516
11.583
10.615
10.697
10.876
10.425
11.475
11.119
10.545
11.050
10.453
11.476
11.144
10.598
11.271
11.035
11.975
10.506
10.588
10.933
10.376
10.929
10.600
11.215
11.282
10.539
10.816
10.689
10.509
11.155
10.482
11.179
11.354
10.453
11.007
10.470
11.108
11.625
10.666
10.994
10.489
11.137
11.011
11.012
11.889
10.886
11.355
11.680
10.554
11.474
11.357
10.963
11.440
10.779
11.375
10.858
10.951
10.939
10.901
11.349
10.687
11.269
10.592
10.704
11.838
10.698
12.358
11.365
11.231
10.974
10.432
10.996
10.872
10.691
11.294
10.411
11.401
10.816
11.540
11.670
10.491
11.002
10.513
11.793
11.533
10.420
11.537
10.766
11.468
11.552
11.137
11.702
10.436
10.725
12.127
10.367
11.344
10.989
11.129
11.565
11.188
11.374
10.699
10.961
11.258
10.757
11.571
10.920
10.940
10.774
11.204
11.138
10.716
10.986
10.687
11.213
11.134
10.710
10.919
10.752
10.757
10.943
10.763
11.867
10.535
10.469
11.580
10.498
11.404
10.683
10.509
11.729
10.504
11.613
11.387
10.611
10.999
11.054
11.860
10.949
11.027
11.235
11.173
12.393
10.730
11.261
11.060
11.349
11.637
10.715
12.086
10.924
10.698
11.659
11.030
10.997
11.570
10.785
10.957
10.692
12.167
10.607
11.474
11.637
10.932
11.796
10.447
10.552
11.731
10.671
11.845
10.931
10.768
10.873
11.183
11.799
10.971
10.967
11.486
10.654
11.409
11.290
11.051
11.177
10.528
10.925
10.979
12.027
10.769
10.514
11.000
10.670
10.651
11.245
10.552
10.906
10.843
10.774
11.990
11.169
10.999
10.703
10.810
10.926
11.158
10.962
11.007
10.775
11.497
10.728
11.169
10.625
11.145
11.979
11.128
11.651
10.961
10.816
10.739
10.401
11.822
10.588
11.740
11.747
11.157
11.675
10.725
10.786
10.806
10.422
11.957
10.986
11.084
10.683
10.535
11.804
10.515
10.808
10.875
10.944
12.417
11.226
11.296
11.090
11.059
11.290
10.802
10.888
11.621
10.688
11.051
10.512
11.761
11.080
10.640
11.885
10.468
11.511
10.962
11.105
12.161
10.715
11.890
10.369
10.909
11.126
10.604
10.942
10.966
11.311
11.178
11.248
10.943
10.510
10.936
11.402
10.693
12.588
11.012
10.961
11.293
10.500
11.661
11.201
10.757
11.585
10.658
11.980
10.374
12.335
11.549
10.756
11.854
10.561
13.511
11.519
11.401
11.795
11.007
12.489
10.674
11.234
11.392
10.827
10.951
11.089
11.199
10.696
10.666
11.630
10.548
10.916
11.185
11.390
11.620
11.517
11.444
10.919
10.935
11.210
11.124
11.006
11.280
10.841
11.129
10.540
11.398
10.798
11.153
10.913
10.466
12.328
10.812
11.305
12.132
11.113
12.469
10.534
10.813
10.904
11.247
11.307
10.485
10.790
10.670
10.392
10.966
11.415
10.907
10.768
10.962
11.382
10.637
10.906
11.378
10.524
11.303
10.619
11.282
11.079
10.514
11.257
10.805
11.412
10.905
10.456
10.964
11.384
11.503
12.534
10.767
11.386
11.330
11.413
11.203
11.756
11.366
11.501
10.944
10.543
10.663
11.180
10.702
11.278
10.985
10.750
11.839
10.499
10.963
10.935
11.703
11.450
10.504
10.962
11.062
11.720
10.872
11.065
11.459
11.014
10.712
11.688
10.702
13.304
11.357
10.909
11.557
10.753
11.575
10.955
12.268
10.922
10.826
11.473
10.654
11.920
10.716
11.551
11.481
11.367
12.971
10.740
12.187
10.684
10.572
11.101
10.413
11.582
10.895
10.540
12.084
11.421
11.236
10.919
10.515
12.256
10.358
11.027
10.716
10.675
10.873
10.632
11.167
11.176
10.749
10.899
11.363
11.267
10.721
10.783
11.089
11.393
11.612
11.205
10.801
11.465
10.924
11.394
10.691
11.086
11.077
10.733
11.670
10.762
11.549
11.365
10.697
11.311
10.823
10.859
11.948
10.831
11.521
11.403
10.956
10.801
11.039
11.865
11.104
10.943
10.770
11.198
11.194
10.477
10.800
10.604
10.488
11.420
10.515
12.285
11.069
11.000
10.865
10.397
11.468
11.025
10.412
11.237
10.508
10.781
11.024
10.403
12.089
10.914
11.432
10.971
11.008
10.948
10.900
11.096
11.586
11.250
11.417
10.584
11.349
11.023
10.857
12.565
10.781
12.125
10.877
10.668
11.337
10.428
12.147
11.088
10.814
11.174
10.517
12.013
11.165
11.258
11.541
10.688
12.806
10.687
10.865
11.566
10.706
11.912
11.170
10.964
11.074
10.787
11.383
10.694
12.243
11.125
11.039
11.045
10.988
10.997
11.185
11.495
11.276
10.714
11.026
11.094
10.627
11.008
11.134
11.729
10.562
10.635
10.855
10.570
11.477
10.737
11.426
10.933
11.249
10.946
10.839
11.117
12.164
11.397
11.732
10.536
10.967
11.431
11.295
10.998
11.167
12.120
10.789
10.713
10.978
10.704
11.627
11.039
11.153
10.959
10.707
11.228
11.699
11.034
11.714
10.528
11.084
11.027
10.651
11.265
10.721
11.653
11.126
10.536
11.228
11.033
11.212
10.872
12.445
11.649
11.377
10.997
11.114
11.582
11.020
10.588
11.460
10.978
11.425
10.851
10.567
11.532
11.836
11.424
11.023
10.496
11.262
10.903
11.331
10.685
10.847
11.356
10.783
11.873
11.151
11.675
12.185
10.923
11.835
10.747
10.655
11.286
10.642
12.971
10.519
11.262
11.660
11.013
11.749
10.868
11.287
10.887
10.718
10.898
10.505
11.453
11.227
11.053
12.537
11.281
11.138
11.069
10.783
11.481
10.720
10.906
10.681
10.638
11.651
11.488
11.002
10.597
11.773
11.181
11.379
11.240
10.712
10.822
11.678
10.696
11.764
11.145
10.998
11.790
12.062
11.312
10.723
11.461
11.260
10.771
10.952
10.452
11.551
11.623
10.976
11.682
10.926
11.249
11.115
10.763
10.930
11.120
11.800
10.951
11.571
11.435
11.047
11.059
11.204
11.224
11.099
11.127
12.478
10.901
11.819
11.144
11.225
11.100
10.683
11.662
10.808
11.477
11.577
11.286
11.700
10.769
10.746
11.295
11.185
11.443
10.532
11.504
10.932
11.195
12.195
10.432
10.779
11.142
10.688
10.987
11.391
10.853
11.718
10.767
11.843
10.680
10.989
11.134
11.224
11.142
11.086
11.769
10.867
11.132
10.865
10.558
10.822
11.263
11.769
11.577
10.837
10.920
10.892
11.140
11.632
11.195
10.971
10.967
11.036
11.423
10.708
10.989
10.737
11.496
10.889
10.980
11.164
11.013
10.739
11.019
11.144
11.460
11.140
10.782
10.814
10.918
11.201
10.680
11.412
11.405
11.176
10.991
11.226
11.440
10.973
10.891
12.894
10.446
11.705
10.510
10.547
11.887
10.663
12.484
10.619
10.782
12.328
10.491
10.923
10.519
11.137
11.645
10.895
11.444
11.386
10.638
10.832
10.400
12.084
10.590
11.224
11.098
10.533
10.934
10.540
11.174
10.890
11.032
11.145
10.865
10.919
11.643
10.390
11.717
10.994
11.351
12.427
10.812
11.133
10.915
11.480
11.425
10.488
11.417
11.131
10.869
11.420
10.410
11.123
10.805
11.584
10.945
11.276
10.935
10.849
11.631
11.616
11.870
11.533
10.602
11.205
10.582
11.093
10.901
11.190
10.958
10.641
10.678
11.003
10.930
11.491
10.900
11.077
11.069
11.052
12.044
10.973
11.507
11.839
10.521
11.507
11.328
11.251
11.242
10.697
10.972
11.366
10.863
11.273
10.679
11.340
11.134
10.841
11.101
10.897
10.975
10.734
11.829
11.013
11.381
10.967
11.203
13.105
10.514
10.746
11.413
10.689
11.444
10.881
10.755
11.442
11.265
10.944
11.567
11.357
11.381
11.025
11.004
10.717
11.470
10.837
10.652
11.688
11.094
10.837
11.509
11.130
12.537
11.064
11.016
11.367
10.495
11.025
11.056
11.086
11.495
10.757
10.967
10.460
10.720
11.695
10.846
12.332
10.494
10.904
11.485
11.541
11.563
10.666
11.297
11.194
10.831
11.465
10.633
11.042
11.195
10.759
11.348
11.203
10.974
10.803
10.769
10.850
11.091
11.027
10.638
11.144
11.122
10.752
10.991
10.837
10.650
11.419
10.553
11.041
11.196
11.125
11.388
10.668
11.419
10.555
10.542
11.618
10.799
12.040
11.409
10.639
10.743
10.471
10.882
10.562
11.035
12.241
10.578
11.201
11.571
11.209
11.529
10.371
12.072
10.636
11.349
11.141
10.373
11.851
10.902
12.178
11.242
10.602
11.466
10.605
11.441
11.116
11.136
11.255
10.476
10.727
10.788
10.852
10.949
10.853
10.743
11.839
10.636
12.710
11.368
12.136
10.791
11.769
11.391
10.474
12.810
10.409
11.837
11.740
11.023
11.539
10.528
10.706
11.359
11.212
11.711
10.426
11.289
11.051
10.598
12.201
11.169
10.946
11.600
10.577
11.420
10.833
11.346
11.110
11.292
11.558
10.766
10.895
10.784
10.563
11.305
10.467
10.950
10.743
10.560
11.302
10.610
10.760
10.972
10.479
11.705
10.454
11.407
10.889
10.855
10.985
10.474
10.756
10.653
10.489
10.982
10.517
10.619
11.296
10.934
11.121
10.464
10.529
11.288
10.480
11.267
10.961
11.040
11.618
10.584
11.680
10.583
10.633
11.535
10.604
11.374
10.843
11.218
10.853
10.445
11.965
11.360
11.349
11.020
10.474
12.765
10.790
11.009
10.834
10.311
11.494
10.585
10.673
11.452
10.850
11.573
10.397
10.621
11.725
10.555
11.597
10.616
10.636
11.499
10.423
10.947
10.469
10.517
11.237
11.116
11.092
10.705
11.685
11.369
10.419
11.384
10.595
11.024
11.892
11.371
10.984
11.474
10.627
11.420
10.398
12.328
10.966
11.820
10.612
10.515
11.308
11.230
11.215
11.231
10.448
12.128
10.525
11.315
11.178
11.247
11.997
10.438
11.119
11.041
10.579
11.963
10.454
11.203
11.543
11.009
11.994
10.963
11.410
10.554
10.623
12.174
10.423
10.911
10.519
10.825
11.103
10.736
11.059
11.129
10.556
10.944
10.456
11.172
10.962
10.512
11.489
10.434
12.082
11.247
10.750
11.584
10.632
12.341
10.668
11.115
12.150
10.859
11.336
10.476
11.148
10.763
10.850
11.173
10.638
10.711
10.847
11.172
11.476
10.975
10.552
11.250
10.420
10.950
11.149
10.588
10.951
10.529
10.858
11.322
10.548
11.071
10.629
11.520
11.191
10.385
11.278
10.482
11.680
11.101
10.649
12.572
10.300
11.731
10.914
10.905
11.332
11.031
11.118
11.281
10.813
11.784
10.648
11.150
10.636
10.854
12.064
10.867
12.269
10.858
11.273
11.334
10.906
12.335
10.710
11.473
11.573
10.764
12.047
11.155
11.136
11.342
10.788
12.477
10.721
10.970
11.135
10.855
11.385
11.055
11.554
10.703
11.243
11.471
10.694
11.876
11.178
11.555
10.920
10.521
11.291
10.911
11.243
10.632
10.383
11.960
10.794
10.830
11.211
10.943
11.459
11.192
11.168
11.076
11.449
11.000
10.774
11.259
11.044
11.181
11.410
10.416
12.591
10.694
10.843
11.425
10.830
10.988
11.358
10.817
10.895
10.727
11.243
10.665
10.816
11.225
10.473
11.365
10.633
10.547
10.813
10.832
11.990
11.094
10.752
11.942
10.736
11.225
11.057
10.825
11.552
11.166
11.031
10.702
11.531
10.910
10.709
10.988
11.290
10.839
10.950
10.692
11.000
10.707
10.785
10.894
10.777
10.901
11.135
11.161
10.896
10.580
11.251
10.577
10.892
11.379
10.599
10.894
11.243
10.613
11.407
11.054
10.813
10.871
10.506
10.977
10.991
11.174
10.650
11.005
11.844
11.285
12.425
11.205
10.564
11.722
10.402
12.088
10.542
11.383
11.732
11.098
10.976
11.191
11.216
11.389
10.682
12.951
11.335
11.742
11.235
10.630
11.679
10.482
11.680
11.050
11.763
11.303
11.360
11.468
11.115
10.847
11.372
10.716
11.002
10.726
10.852
10.882
10.731
11.932
11.079
11.322
11.628
10.744
11.435
10.728
11.523
10.790
10.976
10.965
10.703
10.894
11.194
11.185
11.916
11.456
11.446
11.361
11.770
11.403
10.702
12.183
10.696
10.846
11.871
11.163
10.962
10.698
10.884
11.401
10.709
10.932
10.524
11.140
11.465
11.156
11.343
11.114
11.258
10.834
10.889
11.711
10.910
11.437
11.500
10.892
11.383
11.193
11.414
10.842
10.705
10.939
10.641
11.095
10.522
10.400
12.177
10.468
11.758
10.693
11.144
11.058
10.468
10.953
10.787
10.789
11.463
10.994
11.058
10.615
10.470
11.235
11.380
11.077
10.620
10.548
10.874
11.211
11.526
11.012
10.653
11.604
10.703
10.830
11.153
10.705
11.271
10.931
11.335
11.058
10.533
11.579
10.606
10.822
11.898
10.986
11.844
11.187
11.236
11.147
11.202
11.514
10.810
11.978
11.128
10.655
10.769
10.453
11.380
10.921
10.594
11.737
10.452
11.357
10.680
11.133
11.383
10.445
11.742
10.874
10.765
11.284
10.509
11.425
11.330
12.228
10.817
10.809
11.474
10.679
10.754
11.549
10.540
10.988
11.424
10.945
10.669
10.968
12.188
10.510
11.875
11.248
11.082
11.298
10.835
11.081
10.983
10.402
11.836
10.836
11.486
10.659
10.700
10.960
11.022
10.961
11.034
11.004
11.572
11.142
11.267
10.633
10.548
11.074
11.267
10.810
11.037
11.226
12.810
10.575
11.523
11.001
11.200
10.891
10.535
12.045
11.054
11.241
11.618
10.918
12.072
10.747
11.036
11.206
10.618
11.997
10.358
11.080
10.886
10.846
11.190
10.469
10.722
10.674
10.490
10.850
10.508
10.567
11.623
10.605
11.434
10.662
10.420
11.371
10.937
11.561
10.858
10.564
11.075
10.625
11.792
10.937
11.076
10.962
10.533
10.844
10.896
10.467
12.588
10.468
11.157
10.585
10.906
11.622
10.643
11.194
10.712
10.569
11.468
10.660
11.729
11.179
10.759
11.712
11.135
10.982
10.896
10.627
11.127
10.783
11.693
11.021
11.205
11.277
10.562
11.714
10.651
10.589
11.344
10.420
11.293
11.238
10.578
11.610
10.406
12.566
10.597
12.162
12.281
11.555
11.543
11.195
11.761
11.246
10.605
11.552
10.945
10.907
10.531
11.109
11.016
10.600
10.894
10.980
10.763
11.482
11.330
11.100
10.725
10.772
11.092
10.696
11.164
11.133
11.444
11.636
11.448
10.967
10.731
10.828
10.897
11.083
12.068
10.961
11.499
10.990
10.581
11.564
11.352
11.576
11.124
10.590
12.169
10.878
12.152
10.920
11.159
11.203
10.431
10.905
10.714
10.794
11.675
10.928
10.879
11.039
10.753
11.460
10.707
11.620
10.718
10.960
10.923
10.675
10.928
11.375
10.772
11.522
11.141
11.004
11.243
11.474
10.884
10.667
10.954
11.092
11.275
10.882
11.381
10.993
11.509
11.187
11.884
11.108
12.121
10.716
11.489
11.507
10.738
11.690
11.394
11.887
11.023
11.473
11.452
10.595
11.344
11.020
10.695
11.306
11.140
12.531
11.690
12.559
11.097
10.776
10.967
11.272
12.022
10.940
11.616
11.401
10.750
12.460
11.200
10.906
11.471
10.680
11.356
10.734
11.021
10.792
10.567
12.327
10.596
10.802
10.802
11.254
11.687
10.800
10.883
10.848
10.598
12.293
10.392
11.818
11.169
11.184
11.288
11.004
10.936
10.814
10.481
10.949
11.332
11.244
12.126
11.255
11.334
11.261
11.781
11.947
10.666
11.599
10.610
11.808
10.503
11.466
11.646
10.891
11.834
10.725
10.886
10.954
11.757
11.626
10.704
11.884
11.065
11.424
11.157
11.165
11.727
10.761
10.930
11.704
11.152
11.671
10.708
10.827
11.156
11.087
10.963
10.629
11.161
11.567
10.752
10.915
11.252
10.685
10.729
12.259
11.289
10.985
11.238
10.875
10.814
11.917
10.431
12.251
10.544
10.489
10.883
10.465
10.727
10.742
10.473
12.069
10.838
11.117
11.471
10.465
11.690
11.377
10.870
11.066
11.625
12.033
10.907
11.618
10.819
10.599
11.589
11.168
11.318
10.787
10.521
11.716
10.652
11.504
10.876
11.084
11.628
10.807
11.312
10.805
10.490
11.294
10.439
12.022
11.265
11.577
11.285
10.482
11.305
10.518
10.672
11.864
10.715
11.186
10.726
10.818
11.967
10.700
11.889
10.686
11.277
11.343
10.699
12.413
10.751
10.903
11.110
10.696
12.024
11.138
11.936
10.956
10.783
10.918
11.388
10.951
10.734
11.281
11.061
11.198
12.318
10.720
10.830
10.986
11.361
11.299
10.697
10.811
10.856
11.302
10.941
10.784
10.718
11.875
10.526
10.947
10.894
11.251
11.513
10.717
12.340
10.495
11.201
11.286
10.906
10.956
11.319
10.764
10.946
10.479
12.034
10.629
11.541
11.536
10.455
11.674
11.364
11.346
11.056
11.698
12.585
10.423
11.997
10.806
10.757
10.846
10.564
10.955
10.947
10.749
10.924
10.892
11.237
10.839
10.626
10.835
11.161
10.878
10.743
10.867
11.560
10.541
11.326
11.272
10.585
11.837
10.707
11.049
11.351
11.001
11.180
10.725
11.214
11.241
11.002
11.696
10.673
11.272
11.335
10.850
11.433
10.770
12.132
10.702
10.610
11.256
11.094
11.983
10.827
10.743
11.574
10.546
10.974
11.076
10.715
10.860
10.499
11.955
10.490
11.075
10.858
10.536
10.935
10.661
11.287
11.526
10.539
12.168
11.181
11.566
11.138
11.129
11.441
11.105
10.739
10.566
10.478
10.952
10.941
11.229
10.763
11.578
11.203
10.554
10.776
11.107
11.443
11.626
11.026
11.261
10.831
10.732
11.827
10.673
11.625
11.608
11.426
11.334
11.071
11.898
11.378
12.285
11.334
10.984
12.647
10.986
11.201
10.777
11.409
11.586
10.672
10.869
11.147
10.554
10.962
10.702
12.383
11.156
10.763
10.991
10.687
11.512
11.376
10.821
11.681
10.696
11.423
11.266
10.833
11.228
11.000
11.602
10.692
11.792
11.464
10.736
11.462
11.348
12.653
10.983
11.731
10.907
10.732
11.690
11.374
11.129
11.613
10.673
11.981
11.294
10.952
11.289
10.706
12.144
10.977
11.537
10.777
10.721
11.466
11.190
11.113
11.096
10.878
11.383
10.505
11.591
10.956
10.994
11.827
10.611
11.448
11.553
10.766
11.545
10.722
10.852
10.643
10.619
11.086
11.080
11.571
10.785
11.271
11.116
11.135
11.844
11.171
11.516
11.289
10.716
10.978
10.702
10.844
11.213
11.369
11.570
11.313
10.914
11.135
10.774
11.931
11.323
11.275
10.755
10.732
11.728
10.692
10.900
11.187
10.746
11.928
10.514
11.177
10.657
11.024
11.989
10.726
11.555
10.575
10.516
12.022
11.080
11.659
11.105
11.428
11.133
10.611
11.391
10.632
10.776
11.969
10.848
11.440
11.194
11.124
11.442
10.656
11.703
10.575
10.855
11.230
11.222
11.344
10.645
11.154
12.067
11.373
11.523
11.389
11.170
11.055
10.622
11.380
11.041
10.916
10.693
10.961
11.955
11.164
12.187
10.902
11.410
11.484
11.382
11.440
11.450
10.818
11.353
11.399
12.440
11.176
11.969
11.199
11.213
11.193
10.706
11.230
11.279
10.802
11.942
10.889
12.320
11.141
11.727
11.749
10.712
11.353
10.760
10.967
10.780
11.411
11.391
11.262
11.638
11.117
11.650
11.378
11.000
11.860
11.394
10.838
11.039
11.032
12.564
10.709
11.244
11.144
10.443
12.308
10.515
10.829
11.318
11.307
11.423
10.713
11.605
11.513
12.307
11.648
10.771
11.613
10.665
11.557
11.340
10.566
11.852
11.377
11.693
11.764
11.755
12.114
10.659
12.041
11.332
10.881
10.971
10.697
11.115
10.669
10.731
11.093
10.729
10.971
11.294
11.481
11.022
10.609
11.431
10.638
11.438
10.758
10.977
13.120
10.872
11.645
10.941
10.587
11.916
10.450
10.923
10.569
11.157
11.512
11.268
11.699
11.413
10.591
11.876
10.504
11.532
11.156
10.703
11.907
10.795
11.554
10.978
11.107
10.920
10.881
11.915
10.593
12.057
10.980
10.849
12.199
10.567
11.547
10.701
10.494
11.419
11.567
11.852
11.075
11.361
11.741
11.133
11.607
11.007
11.250
10.837
10.698
11.949
10.801
11.175
11.035
11.179
11.200
10.700
10.845
11.491
11.253
11.954
10.711
11.688
11.370
10.724
11.404
10.672
11.640
10.743
11.329
11.299
11.342
12.374
10.724
10.851
11.365
11.307
10.974
10.929
10.846
11.658
11.110
11.742
10.722
12.437
10.788
11.189
11.259
11.114
11.810
11.282
10.766
12.121
10.559
11.014
10.724
11.663
11.484
10.433
12.091
10.566
10.632
11.208
10.807
11.607
11.894
12.356
10.957
11.153
11.225
11.314
10.995
11.896
10.635
10.960
10.573
11.531
11.232
10.957
11.335
10.575
11.724
10.547
10.609
12.082
10.715
10.950
10.611
10.586
10.873
10.413
11.066
11.201
10.907
10.843
10.509
10.773
10.989
10.699
12.213
10.697
10.900
11.266
10.704
11.356
11.100
11.616
11.204
11.047
11.498
10.870
11.447
11.175
10.580
10.847
10.927
11.072
11.021
10.996
11.537
11.076
11.091
11.074
10.695
11.315
10.722
11.218
10.727
10.665
11.759
10.817
11.272
10.767
11.074
11.214
10.703
10.982
10.915
11.741
11.960
10.870
12.038
10.740
11.515
11.346
11.121
12.701
10.574
12.039
10.866
10.382
11.261
10.850
11.659
10.822
10.521
11.929
10.675
11.263
10.870
10.563
11.280
10.430
11.164
11.235
10.547
11.280
11.008
11.241
11.001
11.303
11.275
10.463
11.077
10.739
11.455
11.430
11.002
11.642
10.862
10.769
11.780
10.658
11.255
11.218
11.244
10.941
10.716
11.704
10.734
10.790
11.200
10.708
10.927
11.274
10.785
11.783
11.039
11.464
10.901
10.817
11.662
10.664
11.024
10.527
11.332
10.792
10.430
10.887
11.335
10.575
10.905
10.823
12.223
11.068
10.767
11.225
10.546
11.108
11.448
11.399
11.358
10.454
11.982
10.730
11.063
11.095
10.844
12.377
10.392
12.478
10.749
10.679
11.424
10.467
12.465
12.011
10.888
11.373
10.807
11.608
10.522
10.615
10.912
10.616
10.914
11.275
10.679
10.973
10.656
11.152
11.018
10.587
12.250
10.552
11.516
11.095
10.697
12.280
10.877
11.888
11.272
10.752
11.319
11.004
12.470
11.139
11.021
11.605
10.789
11.866
11.251
11.544
11.600
11.341
11.751
10.917
11.816
11.285
10.800
10.894
10.915
12.460
10.714
10.855
11.247
10.727
10.994
10.716
11.300
11.973
10.713
11.500
11.406
12.021
11.341
10.807
11.932
11.200
12.308
10.684
11.367
11.678
11.322
11.568
10.937
11.162
10.775
11.085
11.870
11.389
10.930
10.841
11.019
11.483
11.107
10.878
11.117
11.348
12.184
10.700
11.725
11.364
10.881
11.631
10.907
12.425
11.347
11.334
11.847
11.450
11.674
11.026
12.781
10.710
11.265
11.191
11.341
12.704
11.174
11.505
11.103
11.090
11.337
10.701
10.936
11.289
10.651
11.267
10.499
10.877
11.128
11.424
10.861
10.516
11.307
11.676
11.598
11.299
11.086
11.606
10.902
11.357
10.996
10.555
11.064
10.485
10.642
10.838
11.271
10.929
11.001
10.806
11.881
10.445
11.015
10.454
11.442
12.250
10.903
10.947
11.196
10.678
11.379
10.659
10.983
10.692
10.747
11.362
10.989
11.536
10.557
11.041
10.973
10.723
10.953
10.724
10.748
11.684
11.405
10.974
11.346
10.827
10.805
11.029
11.382
10.963
11.572
11.660
11.264
11.651
11.197
10.822
10.911
10.556
11.252
10.816
11.264
10.971
10.722
11.738
11.381
11.300
10.953
11.238
10.917
11.113
10.948
10.817
10.964
11.449
10.968
11.205
11.273
10.777
11.237
10.674
11.844
10.911
12.087
11.032
11.073
11.119
10.703
11.713
11.011
10.923
11.517
10.745
11.154
11.466
11.429
12.437
10.678
11.824
11.213
11.283
11.682
11.119
11.251
10.998
11.186
10.891
10.751
11.685
10.900
11.028
10.864
11.110
10.992
10.504
11.553
11.359
10.519
12.251
10.501
11.507
10.946
10.826
11.736
10.486
11.761
10.767
10.983
11.879
10.428
11.340
10.943
10.562
11.626
10.622
11.053
10.744
10.926
11.746
11.195
10.877
10.540
10.490
12.266
10.477
11.653
10.949
10.933
11.734
10.802
10.859
10.630
10.909
11.930
11.157
11.619
10.796
10.736
11.474
11.894
11.837
10.759
11.013
11.078
10.508
11.604
10.818
10.683
11.057
10.959
11.857
10.401
10.829
11.582
11.328
11.012
10.814
10.761
11.482
10.547
10.978
10.509
10.728
11.408
10.524
10.982
10.940
11.839
10.704
11.577
10.956
10.599
11.735
11.687
11.105
10.914
10.985
11.319
10.883
10.586
11.287
10.446
11.460
11.223
10.576
11.611
10.633
11.391
11.074
10.469
12.330
10.932
11.249
11.226
10.873
10.987
10.975
11.240
10.840
10.581
11.808
10.327
10.846
10.731
10.497
11.612
10.487
10.897
10.604
10.845
12.542
10.563
11.940
11.318
10.513
10.842
11.199
11.421
10.606
11.269
11.415
10.882
10.942
10.536
10.586
11.649
10.378
10.961
10.542
10.553
11.265
10.453
11.492
11.238
10.522
11.673
10.425
12.180
10.825
12.153
11.350
11.629
11.202
11.043
11.129
11.504
11.191
11.462
11.327
11.493
10.663
10.941
11.424
10.979
11.270
10.598
10.569
11.532
10.517
12.986
10.833
11.268
11.153
10.605
10.878
10.626
10.429
11.585
10.742
10.778
10.816
11.356
11.682
11.326
11.219
11.382
10.778
11.373
11.086
12.238
10.771
12.403
11.165
10.466
11.174
10.418
11.272
11.175
10.446
11.383
10.940
11.068
11.540
10.572
11.433
10.465
10.968
11.025
11.127
10.954
10.354
10.926
11.242
11.219
11.542
10.810
10.704
11.115
10.465
12.171
10.596
10.708
11.313
10.772
12.556
10.672
10.831
11.425
11.357
12.944
11.093
11.075
11.529
10.787
11.768
10.727
10.947
11.086
10.795
11.602
10.696
11.460
11.143
10.831
11.898
11.218
10.996
10.693
10.871
11.535
10.660
11.023
10.675
10.834
11.494
11.265
12.060
11.415
12.337
11.767
11.513
11.553
10.733
10.998
11.342
10.853
11.334
10.687
10.988
11.014
10.843
11.527
11.296
12.179
11.095
11.567
11.386
11.459
10.919
10.987
11.393
10.948
11.235
11.450
10.733
12.003
10.727
11.496
11.768
10.684
12.126
11.176
10.860
10.886
10.815
11.368
10.567
10.871
11.412
11.211
11.081
10.827
10.860
11.455
11.036
11.463
11.314
11.573
11.131
11.420
11.412
11.345
11.849
10.712
10.793
11.190
11.419
10.997
11.212
10.824
10.982
11.291
11.446
10.539
10.638
11.333
11.105
11.202
10.574
11.031
11.144
10.671
10.975
11.168
11.055
11.426
11.090
11.470
10.701
11.485
10.790
10.517
11.387
10.494
10.672
12.152
10.450
11.538
11.233
10.767
11.342
11.028
11.769
10.541
10.846
11.309
11.191
11.551
11.146
10.815
10.660
12.006
10.968
10.525
11.027
11.777
10.622
11.309
10.327
11.072
11.102
10.977
11.844
10.978
10.878
10.646
10.636
11.219
10.792
11.040
11.149
11.447
12.472
11.041
11.240
10.442
11.074
11.304
10.883
11.002
11.043
10.973
11.247
11.149
11.798
11.188
11.221
10.833
10.747
11.569
11.172
10.856
10.818
10.696
11.290
10.682
11.478
10.801
10.674
11.446
10.683
10.837
12.487
11.044
11.685
11.142
11.169
10.977
11.397
12.069
11.366
11.435
10.725
11.146
11.600
11.102
12.203
10.695
11.122
10.881
10.685
11.084
10.945
10.789
11.784
11.118
13.565
10.980
11.815
11.263
10.729
12.555
11.590
12.243
10.688
10.892
12.490
11.160
11.469
11.161
10.908
10.773
11.397
10.953
10.698
11.674
10.918
11.412
11.645
10.706
11.663
10.818
11.436
12.002
11.125
10.967
10.656
10.717
10.932
10.679
10.964
10.946
11.393
11.563
11.166
10.978
11.110
10.793
11.485
11.130
11.442
11.240
10.774
11.441
10.718
10.995
11.347
11.179
10.817
10.645
10.964
11.063
11.039
11.623
11.114
11.351
11.345
10.851
11.396
11.091
11.336
11.118
10.876
11.162
10.706
11.961
11.308
10.886
11.078
10.760
11.470
10.701
12.243
10.964
11.619
11.954
11.042
11.699
10.990
10.951
11.935
10.682
11.035
11.181
10.828
10.994
10.689
10.999
10.875
11.470
11.529
11.043
10.995
10.739
10.803
10.750
10.507
12.330
10.556
11.485
10.992
10.771
11.993
10.505
11.532
11.224
10.577
11.823
10.913
11.782
10.762
10.445
11.249
11.298
11.523
11.047
10.962
12.739
11.023
11.381
11.883
11.078
10.887
10.985
11.523
10.544
11.025
11.067
11.402
11.152
10.959
11.563
11.346
11.099
12.045
10.730
10.950
11.009
11.459
10.930
11.160
10.924
10.752
10.579
10.889
10.435
11.419
11.139
10.899
12.069
10.405
11.095
11.494
10.617
11.583
10.438
11.639
10.633
11.125
11.490
10.753
12.417
10.554
11.489
11.258
10.415
11.393
10.793
10.683
11.248
11.143
11.626
11.127
10.765
11.158
11.143
10.977
11.077
11.804
10.773
10.555
12.265
10.562
10.977
10.828
10.543
12.020
10.546
11.698
11.805
10.758
11.960
10.676
11.166
11.366
10.792
11.713
10.781
11.239
10.795
11.055
10.857
10.462
11.560
11.118
10.461
11.617
10.970
11.933
10.654
11.209
11.197
10.413
11.324
10.597
10.907
11.176
10.431
11.885
10.542
11.284
11.551
10.964
11.335
10.525
10.956
11.005
11.012
11.171
11.051
10.787
11.525
11.388
11.699
11.151
11.443
11.137
11.037
11.342
10.715
10.851
11.360
11.279
11.257
11.141
10.868
11.196
10.678
11.473
10.944
11.273
11.041
10.724
10.981
10.750
11.532
10.658
10.611
10.972
10.728
11.244
10.885
11.182
12.216
10.898
11.623
11.074
10.958
11.349
10.999
11.901
11.266
11.534
11.442
10.708
11.818
10.942
10.838
11.179
10.679
10.995
10.672
10.798
10.878
11.037
11.221
11.087
11.044
11.377
11.185
11.815
11.286
10.719
11.337
11.215
11.523
10.413
11.374
11.195
11.121
10.992
11.670
11.536
10.716
12.181
11.265
10.939
11.368
11.168
10.996
11.106
11.990
11.152
10.557
10.597
11.081
10.963
11.198
10.893
11.666
11.506
10.547
12.149
10.921
10.652
11.803
10.732
11.700
10.567
11.307
10.978
11.088
12.119
10.485
11.148
11.288
10.470
12.556
11.151
12.437
10.572
10.694
10.985
11.091
10.863
10.743
10.909
10.952
10.651
11.055
11.202
11.039
11.291
11.000
10.920
10.713
11.111
11.818
10.371
10.815
11.025
10.563
11.551
10.570
10.832
11.065
10.864
11.489
10.503
11.525
11.317
10.562
12.116
10.423
11.772
11.315
11.433
11.468
11.007
11.284
10.566
10.558
10.892
10.945
11.420
11.213
11.089
11.653
10.924
11.177
10.691
11.569
11.766
10.594
11.923
10.583
10.885
11.115
11.183
12.234
11.365
11.648
11.320
11.108
11.006
11.123
10.953
11.037
11.949
11.107
10.709
10.895
10.600
10.809
11.567
11.354
11.005
11.260
11.356
11.175
11.306
11.345
11.074
11.301
11.379
11.992
11.229
10.433
11.508
11.493
10.566
12.269
11.036
11.718
10.705
10.557
12.133
10.768
10.884
10.864
10.548
12.036
10.462
11.654
11.112
11.035
11.410
10.545
10.886
10.459
10.555
12.109
11.101
12.123
11.246
10.715
11.267
10.536
11.382
11.040
10.765
11.681
10.762
11.615
11.264
11.487
10.602
12.217
11.039
10.806
11.449
11.147
10.611
11.503
10.461
11.380
10.994
10.493
11.352
10.944
11.151
11.263
11.354
11.886
10.406
12.021
10.444
10.619
11.836
11.225
12.192
11.545
10.994
11.265
10.586
11.803
11.022
10.806
11.738
11.186
11.782
11.202
10.854
10.634
10.548
11.279
10.498
11.438
11.588
11.504
11.307
10.630
10.866
10.563
10.898
11.839
10.569
11.553
11.453
11.069
12.000
10.757
10.995
10.713
11.269
12.233
10.615
11.613
11.128
11.107
11.851
10.864
11.232
11.273
10.837
11.044
10.487
10.970
10.891
10.722
11.624
11.080
11.563
10.476
11.192
10.803
10.914
10.947
10.457
10.693
10.922
10.520
11.285
10.561
11.132
12.138
11.450
11.905
10.513
10.780
11.189
10.858
11.229
11.111
10.768
11.194
11.051
11.102
10.818
11.449
10.776
10.899
11.558
11.171
11.457
10.754
10.726
11.505
11.362
10.911
11.255
10.756
10.965
11.236
11.298
11.054
10.765
11.272
11.131
11.432
11.194
10.740
11.603
10.677
11.252
10.947
11.216
11.357
11.055
12.177
10.490
10.639
11.377
10.509
11.041
10.686
10.547
11.135
10.610
11.857
10.732
10.705
11.176
11.232
11.973
10.699
11.262
11.019
10.654
13.215
10.766
11.966
10.919
10.742
11.213
10.909
11.274
10.823
10.834
11.006
10.599
11.772
11.153
10.852
11.474
10.395
11.284
11.226
11.064
11.958
10.801
11.633
10.658
11.711
11.635
11.278
10.986
10.659
10.738
11.428
10.345
10.953
11.132
11.390
11.826
10.537
11.543
10.734
11.366
11.635
11.162
12.982
11.070
11.068
11.171
10.759
12.845
11.394
11.580
10.709
10.850
11.344
10.739
12.447
10.718
11.942
11.152
11.016
11.301
10.841
11.973
10.795
11.197
11.500
11.125
10.993
11.140
11.319
