0.368069
0.350424
0.347296
0.384907
0.351461
0.37551
0.37493
0.37964
0.405269
0.365229
0.37585
0.373613
0.389175
0.366204
0.386698
0.379923
0.374145
0.362017
0.351171
0.375026
0.381457
0.414013
0.390228
0.364308
0.349472
0.41357
0.354197
0.373268
0.350957
0.354269
0.383828
0.356459
0.373896
0.396945
0.357081
0.399382
0.39407
0.358567
0.382244
0.388368
0.390727
0.386579
0.375819
0.362708
0.352166
0.377035
0.351951
0.349447
0.351853
0.379438
0.376491
0.361795
0.381837
0.350942
0.352214
0.398212
0.351749
0.351053
0.375901
0.352067
0.417922
0.379211
0.352465
0.353598
0.349995
0.361226
0.394844
0.370337
0.374796
0.350941
0.352282
0.352496
0.353442
0.350726
0.376542
0.351602
0.351809
0.381338
0.353967
0.350178
0.377321
0.361991
0.386057
0.390579
0.383621
0.395957
0.377683
0.370802
0.35169
0.352116
0.373107
0.370976
0.352666
0.363852
0.361682
0.351058
0.381259
0.349795
0.417286
0.37109
0.352932
0.349582
0.353091
0.37131
0.351602
0.35075
0.374845
0.385636
0.420275
0.350234
0.379118
0.38058
0.385951
0.393419
0.436251
0.350484
0.392273
0.383891
0.401917
0.349011
0.350535
0.353205
0.374425
0.374001
0.374863
0.382052
0.37231
0.35172
0.36165
0.352751
0.370464
0.363407
0.345609
0.351182
0.351031
0.34643
0.347976
0.386254
0.37136
0.346932
0.378584
0.353818
0.361363
0.373322
0.364672
0.352561
0.382614
0.374091
0.350224
0.351062
0.383014
0.353597
0.347593
0.350667
0.375961
0.351311
0.377444
0.386465
0.385416
0.402382
0.349277
0.405125
0.35309
0.3532
0.383463
0.369345
0.380147
0.402176
0.392288
0.403389
0.389733
0.375524
0.375644
0.380776
0.369743
0.385972
0.393999
0.381911
0.409499
0.349561
0.369089
0.35237
0.381542
0.369372
0.386481
0.369935
0.379636
0.34835
0.35003
0.351369
0.382481
0.364908
0.370997
0.3504
0.349937
0.350156
0.350574
0.37709
0.373209
0.366026
0.364182
0.387022
0.357254
0.351958
0.376522
0.376652
0.361018
0.370862
0.384684
0.349605
0.352992
0.348926
0.351576
0.349647
0.383511
0.378087
0.351615
0.346499
0.364423
0.38031
0.352174
0.375057
0.364514
0.348568
0.351222
0.380296
0.376522
0.348793
0.352683
0.346905
0.369783
0.34907
0.420398
0.357729
0.371557
0.368877
0.420983
0.373254
0.377432
0.373822
0.352234
0.381466
0.406088
0.374137
0.404569
0.360211
0.367154
0.371633
0.424498
0.351333
0.38358
0.352064
0.394163
0.355161
0.378081
0.384922
0.378635
0.349992
0.36881
0.352309
0.392259
0.350789
0.348592
0.367911
0.379093
0.370919
0.364477
0.373198
0.370712
0.352923
0.39624
0.354472
0.387082
0.373406
0.34552
0.378436
0.361228
0.35225
0.352018
0.425613
0.349972
0.370037
0.345452
0.350019
0.378093
0.363596
0.361152
0.360866
0.390241
0.352122
0.349786
0.352891
0.389567
0.350692
0.371962
0.352178
0.354913
0.401024
0.361684
0.405111
0.372927
0.383795
0.357861
0.42836
0.386933
0.383635
0.347554
0.352169
0.380036
0.37259
0.366578
0.351229
0.380827
0.354218
0.384476
0.352326
0.370573
0.363806
0.349737
0.38591
0.356744
0.397594
0.409397
0.41282
0.354462
0.349097
0.351502
0.353838
0.347184
0.4266
0.373048
0.382985
0.394155
0.384108
0.38306
0.366717
0.399742
0.363146
0.395345
0.37605
0.355379
0.349117
0.352627
0.375109
0.376043
0.376748
0.423503
0.350713
0.394143
0.348954
0.369108
0.349724
0.367748
0.345278
0.350904
0.384265
0.352097
0.380449
0.407427
0.371743
0.384192
0.346936
0.35109
0.37769
0.410166
0.347289
0.350455
0.346592
0.350294
0.345765
0.368789
0.349559
0.355799
0.349194
0.353482
0.375337
0.372367
0.350256
0.359875
0.346192
0.353272
0.351591
0.375112
0.365559
0.390445
0.347151
0.370244
0.352889
0.411177
0.350882
0.387724
0.350845
0.375911
0.354903
0.368709
0.345938
0.352013
0.3843
0.374026
0.353524
0.389805
0.359801
0.35625
0.349101
0.35178
0.360566
0.382658
0.366695
0.350384
0.390956
0.351248
0.382594
0.410591
0.378677
0.350462
0.351865
0.352821
0.350677
0.38926
0.355673
0.351945
0.381929
0.372779
0.379196
0.413269
0.350217
0.358713
0.359337
0.348269
0.383573
0.381264
0.366266
0.349171
0.353587
0.372795
0.391402
0.372238
0.390401
0.376302
0.364195
0.35909
0.365729
0.376988
0.351164
0.390246
0.411814
0.351529
0.375159
0.362086
0.395842
0.376318
0.419152
0.371618
0.412745
0.390754
0.37071
0.375493
0.35284
0.358125
0.355559
0.35022
0.354891
0.369938
0.397156
0.426362
0.353948
0.373242
0.403904
0.375051
0.379347
0.369056
0.37167
0.352368
0.356029
0.380765
0.349012
0.35361
0.351856
0.377601
0.347904
0.387496
0.379869
0.378659
0.364469
0.375493
0.367057
0.370526
0.365708
0.390372
0.367384
0.376817
0.34864
0.387231
0.370757
0.376052
0.372877
0.417818
0.378923
0.42803
0.352672
0.434887
0.360445
0.382154
0.352888
0.369881
0.348743
0.366941
0.382919
0.40428
0.364659
0.376296
0.384545
0.350661
0.350885
0.350711
0.391452
0.371742
0.352305
0.349025
0.37778
0.366402
0.36544
0.348387
0.371612
0.370104
0.353862
0.363799
0.352915
0.352538
0.352729
0.347307
0.38449
0.369581
0.349103
0.370513
0.386679
0.36013
0.398447
0.381123
0.396767
0.365753
0.378734
0.368043
0.38859
0.370573
0.362056
0.347782
0.372648
0.349028
0.349144
0.367472
0.351989
0.40276
0.392718
0.361269
0.374461
0.352834
0.385441
0.384856
0.378442
0.393277
0.350538
0.371147
0.387844
0.348735
0.373653
0.386461
0.40274
0.373783
0.350787
0.372135
0.37076
0.34688
0.400163
0.381937
0.372447
0.383095
0.364687
0.352152
0.347486
0.37583
0.353233
0.35251
0.384179
0.347566
0.39494
0.387295
0.350892
0.382549
0.372025
0.350896
0.370869
0.348489
0.365185
0.357174
0.353089
0.37184
0.379366
0.376698
0.368429
0.376442
0.370471
0.353233
0.350674
0.387836
0.347757
0.387839
0.380117
0.392901
0.351075
0.353
0.378976
0.382876
0.367683
0.354767
0.351644
0.350474
0.34978
0.358438
0.377997
0.353845
0.35332
0.394024
0.350837
0.34794
0.374048
0.387405
0.384189
0.352795
0.374322
0.363978
0.36698
0.36846
0.363597
0.384691
0.362946
0.348283
0.386535
0.351851
0.350411
0.382798
0.34963
0.352851
0.380835
0.374169
0.378261
0.368144
0.351284
0.352411
0.364713
0.377944
0.351344
0.35262
0.349347
0.384981
0.37824
0.368032
0.377619
0.381223
0.351428
0.390913
0.389405
0.379601
0.376355
0.372415
0.349869
0.351791
0.349047
0.350783
0.367218
0.37494
0.348986
0.351441
0.383899
0.351534
0.350157
0.351218
0.355535
0.36502
0.349905
0.368743
0.349598
0.373506
0.366825
0.35173
0.375426
0.373517
0.360687
0.388115
0.385111
0.367914
0.350248
0.350072
0.349052
0.362822
0.373546
0.348712
0.34913
0.38692
0.379693
0.352401
0.349976
0.352168
0.349531
0.351306
0.375925
0.354533
0.384801
0.361039
0.374676
0.383413
0.351224
0.356645
0.35106
0.34969
0.370654
0.382439
0.386638
0.354957
0.385472
0.350998
0.364873
0.352145
0.381073
0.351969
0.350084
0.408915
0.363942
0.35194
0.349652
0.379885
0.418595
0.408639
0.368135
0.397189
0.399579
0.386025
0.365896
0.374634
0.379288
0.374563
0.362667
0.377985
0.384714
0.351188
0.385981
0.417279
0.358022
0.36311
0.390025
0.362846
0.358399
0.382327
0.363788
0.372191
0.371341
0.349118
0.371288
0.369945
0.365112
0.349791
0.368863
0.350218
0.374552
0.34974
0.385657
0.350209
0.349544
0.369536
0.383702
0.350981
0.350884
0.347801
0.352719
0.362447
0.349404
0.350006
0.372803
0.379356
0.375118
0.379201
0.369092
0.375021
0.352353
0.37226
0.387961
0.350519
0.35477
0.348844
0.354073
0.375611
0.35113
0.365852
0.374331
0.350571
0.354483
0.376307
0.379005
0.376073
0.373306
0.349567
0.386611
0.369418
0.361705
0.361809
0.376692
0.372504
0.421046
0.35116
0.353913
0.352131
0.377909
0.350241
0.347091
0.349273
0.365554
0.350446
0.350823
0.377145
0.352147
0.349975
0.367295
0.350473
0.368888
0.348482
0.381454
0.376917
0.350543
0.348904
0.359691
0.367735
0.377287
0.350819
0.349935
0.350781
0.365215
0.370611
0.393726
0.374273
0.41541
0.351113
0.360552
0.353368
0.350654
0.387254
0.381207
0.349974
0.37352
0.372486
0.371883
0.354682
0.362459
0.368106
0.383297
0.368415
0.350618
0.381998
0.352603
0.391432
0.387012
0.375477
0.373987
0.380875
0.424286
0.449364
0.407021
0.375203
0.3791
0.371658
0.400781
0.370797
0.39365
0.407012
0.349559
0.352793
0.37162
0.351433
0.382743
0.35337
0.366159
0.356092
0.385696
0.372792
0.373534
0.364426
0.348056
0.392667
0.40235
0.360896
0.351717
0.350249
0.388373
0.381302
0.359707
0.374236
0.361873
0.370894
0.357408
0.349675
0.35148
0.395552
0.363535
0.361235
0.352606
0.373701
0.383712
0.357487
0.364582
0.351999
0.388358
0.37893
0.403042
0.361349
0.351518
0.349237
0.351581
0.353207
0.374368
0.365308
0.405503
0.380047
0.395651
0.349438
0.375051
0.350704
0.350084
0.348858
0.349615
0.37868
0.348557
0.342446
0.381911
0.349024
0.35281
0.373475
0.378284
0.400912
0.363143
0.355757
0.432046
0.372375
0.351909
0.4045
0.387108
0.361087
0.352425
0.348931
0.351619
0.350792
0.351135
0.360967
0.368672
0.373127
0.365762
0.376251
0.364063
0.382289
0.406511
0.352097
0.424599
0.393356
0.3497
0.360172
0.352158
0.351356
0.382449
0.351552
0.381565
0.354249
0.355791
0.375877
0.377104
0.350858
0.362595
0.376955
0.400876
0.346616
0.377191
0.3531
0.413456
0.378119
0.36582
0.386646
0.38055
0.350224
0.370131
0.404588
0.362875
0.351483
0.364992
0.364371
0.347821
0.377498
0.365972
0.353189
0.370355
0.368791
0.35144
0.377631
0.377017
0.35097
0.346425
0.352398
0.347686
0.350476
0.37421
0.373883
0.360847
0.379683
0.346338
0.37017
0.392487
0.360326
0.369788
0.392817
0.348792
0.367961
0.347337
0.383745
0.352354
0.346804
0.365766
0.370094
0.376925
0.368597
0.374474
0.366788
0.387775
0.352482
0.370892
0.397474
0.376419
0.36646
0.350124
0.385146
0.371647
0.382008
0.376998
0.375307
0.380218
0.399879
0.379742
0.399379
0.351614
0.347905
0.386267
0.396014
0.347925
0.369447
0.352769
0.40453
0.35075
0.380721
0.416951
0.381945
0.399179
0.352907
0.379451
0.378162
0.375452
0.373491
0.413143
0.349828
0.351788
0.373408
0.352113
0.371289
0.384041
0.381971
0.378433
0.38087
0.368674
0.375697
0.388489
0.36836
0.350844
0.353721
0.399079
0.383172
0.388104
0.375158
0.375586
0.351804
0.350291
0.38947
0.370538
0.368308
0.375316
0.367584
0.369037
0.364506
0.346754
0.383298
0.349421
0.352194
0.34855
0.397624
0.365739
0.375859
0.348638
0.384434
0.384854
0.379984
0.383516
0.366386
0.35662
0.374515
0.347714
0.353119
0.350322
0.367094
0.371223
0.352066
0.363554
0.348313
0.351477
0.362163
0.350854
0.351046
0.363638
0.373501
0.37216
0.415679
0.349345
0.363761
0.386771
0.352786
0.385072
0.385752
0.369474
0.353589
0.351145
0.363757
0.356715
0.374778
0.375979
0.353833
0.374511
0.373279
0.374867
0.373834
0.349664
0.374527
0.393516
0.400683
0.373098
0.359231
0.355029
0.391732
0.351573
0.35152
0.381561
0.375612
0.347237
0.358915
0.371459
0.353609
0.373455
0.378255
0.383879
0.355853
0.353156
0.367194
0.363828
0.350469
0.393701
0.350642
0.351848
0.354568
0.385199
0.362309
0.35773
0.377698
0.386503
0.357451
0.374172
0.380107
0.375166
0.369087
0.409907
0.349524
0.389327
0.351527
0.352825
0.348944
0.396188
0.359015
0.387514
0.362758
0.371635
0.352153
0.353959
0.385331
0.430317
0.389882
0.374199
0.356029
0.372241
0.36876
0.353825
0.361385
0.386273
0.354805
0.389117
0.374492
0.367967
0.368827
0.375138
0.385953
0.348423
0.402105
0.379005
0.352803
0.362109
0.376389
0.348152
0.347783
0.35983
0.374772
0.395381
0.373424
0.349799
0.389217
0.346679
0.370983
0.373554
0.37057
0.348208
0.351475
0.345638
0.374973
0.386285
0.411609
0.348306
0.350524
0.351269
0.353745
0.349984
0.390747
0.351151
0.372603
0.348739
0.351199
0.350657
0.371257
0.34671
0.369053
0.34828
0.352891
0.349063
0.369862
0.350621
0.34732
0.383572
0.366188
0.368297
0.35231
0.381481
0.381397
0.39207
0.400076
0.357926
0.35734
0.379895
0.381736
0.35043
0.378445
0.371451
0.3747
0.349951
0.378459
0.37506
0.353568
0.351386
0.348256
0.36954
0.351156
0.349088
0.381764
0.348657
0.374106
0.352034
0.38847
0.376064
0.364654
0.351976
0.372823
0.349584
0.373622
0.371067
0.377891
0.36774
0.378497
0.350381
0.351604
0.349239
0.352374
0.351185
0.395419
0.36135
0.393584
0.377756
0.381597
0.392315
0.369528
0.354682
0.381789
0.367781
0.354736
0.370948
0.352858
0.371693
0.349731
0.373086
0.350688
0.349835
0.373816
0.375779
0.360581
0.385032
0.351859
0.369014
0.392045
0.367807
0.346181
0.377011
0.348058
0.378596
0.346559
0.38172
0.378269
0.368686
0.377425
0.353073
0.369778
0.391583
0.369333
0.351301
0.362493
0.409813
0.346975
0.385716
0.387307
0.35163
0.347684
0.352857
0.395609
0.381498
0.359725
0.351596
0.349143
0.384885
0.361201
0.375375
0.368975
0.392312
0.348893
0.384746
0.377135
0.368182
0.353599
0.353496
0.353446
0.389595
0.354478
0.38974
0.367127
0.364479
0.385717
0.385227
0.346542
0.373992
0.35126
0.356202
0.375114
0.359833
0.365539
0.382234
0.380081
0.375163
0.381308
0.350732
0.374615
0.347893
0.35034
0.371176
0.37974
0.366968
0.354052
0.393033
0.351999
0.344964
0.416621
0.368818
0.373591
0.376305
0.353867
0.360125
0.3491
0.382988
0.377534
0.37325
0.41339
0.410846
0.389004
0.363559
0.388026
0.379919
0.386145
0.349364
0.351002
0.384276
0.393094
0.361634
0.381759
0.366377
0.395954
0.341298
0.357046
0.346175
0.399818
0.345412
0.422644
0.370041
0.37092
0.382047
0.359172
0.348102
0.350285
0.343608
0.351422
0.375633
0.34876
0.339094
0.36469
0.384767
0.35122
0.369439
0.382345
0.347088
0.379287
0.349238
0.371226
0.349484
0.351848
0.341672
0.368273
0.358216
0.383706
0.36502
0.363908
0.352268
0.373601
0.362822
0.368082
0.430327
0.389871
0.406185
0.394382
0.374117
0.348793
0.365212
0.336557
0.405734
0.35072
0.350827
0.348468
0.352639
0.383806
0.354304
0.365154
0.378903
0.38181
0.35116
0.352949
0.366536
0.398258
0.349145
0.383717
0.365656
0.356405
0.382928
0.387637
0.41432
0.383535
0.350706
0.351285
0.388084
0.373413
0.38653
0.350677
0.37084
0.375
0.372029
0.348273
0.38499
0.389571
0.380103
0.372048
0.392044
0.389322
0.389899
0.386603
0.373909
0.3809
0.349098
0.383093
0.369073
0.349602
0.378587
0.35166
0.370486
0.349227
0.368526
0.372776
0.357017
0.351765
0.35549
0.352027
0.385634
0.365505
0.368952
0.348537
0.358147
0.368713
0.360399
0.368871
0.382878
0.346896
0.35975
0.393378
0.352677
0.351568
0.365019
0.349478
0.419341
0.361264
0.343441
0.40343
0.390916
0.405259
0.374672
0.413554
0.342729
0.401699
0.38151
0.37378
0.391725
0.373514
0.443535
0.378601
0.353545
0.344916
0.380569
0.369764
0.347185
0.345372
0.374485
0.369743
0.415436
0.345282
0.363172
0.395787
0.350855
0.347391
0.384375
0.350289
0.35077
0.345681
0.366844
0.378611
0.346439
0.347096
0.377258
0.379879
0.34898
0.347907
0.368783
0.342675
0.364335
0.351425
0.348745
0.361078
0.345455
0.37714
0.367684
0.381919
0.344757
0.360821
0.351519
0.357485
0.382188
0.368165
0.384916
0.349602
0.377702
0.369778
0.360224
0.350057
0.351446
0.349654
0.350852
0.348436
0.382503
0.342284
0.349975
0.351978
0.347562
0.370953
0.352375
0.348012
0.359302
0.395159
0.402901
0.402154
0.390223
0.362285
0.40946
0.352244
0.370364
0.374183
0.39401
0.351216
0.347855
0.383371
0.369284
0.363899
0.355958
0.358104
0.36924
0.351014
0.350512
0.348283
0.372929
0.363364
0.398914
0.376695
0.350827
0.371383
0.349999
0.365524
0.372257
0.380705
0.351136
0.367268
0.396814
0.405497
0.351278
0.399693
0.457816
0.358033
0.386986
0.353473
0.370464
0.362059
0.383271
0.351722
0.386357
0.368772
0.377995
0.36329
0.350414
0.364799
0.36125
0.387865
0.372958
0.376935
0.374776
0.377439
0.350429
0.401621
0.375356
0.37771
0.350216
0.379447
0.34636
0.352811
0.379239
0.350633
0.377048
0.384859
0.347188
0.424304
0.348461
0.35236
0.387987
0.360483
0.37919
0.378732
0.352851
0.376999
0.347401
0.351992
0.352799
0.351879
0.372135
0.383453
0.377867
0.367588
0.344639
0.350646
0.362172
0.351376
0.368561
0.35387
0.370802
0.349408
0.349246
0.362701
0.381457
0.387566
0.345171
0.406311
0.37574
0.352503
0.379062
0.353565
0.370096
0.371649
0.346079
0.353316
0.349644
0.346552
0.382618
0.364872
0.369176
0.35093
0.363482
0.387345
0.367875
0.351222
0.357963
0.349076
0.362786
0.368036
0.365676
0.349674
0.394088
0.370202
0.346319
0.380667
0.346413
0.349943
0.349834
0.398071
0.373656
0.345152
0.398463
0.386278
0.375514
0.377414
0.370692
0.353034
0.361743
0.365395
0.345423
0.380069
0.365931
0.359493
0.374791
0.353397
0.374954
0.364561
0.353438
0.366269
0.345096
0.360354
0.349898
0.386152
0.343445
0.343093
0.345973
0.41595
0.420603
0.356167
0.432933
0.369479
0.393212
0.346222
0.372173
0.346507
0.349361
0.369582
0.348825
0.365397
0.348561
0.347663
0.372474
0.367566
0.375851
0.356681
0.358484
0.375133
0.34489
0.354015
0.384907
0.372844
0.348692
0.363469
0.401639
0.351382
0.367197
0.346476
0.367035
0.350923
0.369744
0.368053
0.38161
0.374905
0.368072
0.348946
0.352793
0.348465
0.373879
0.367603
0.392547
0.349353
0.366981
0.34885
0.351859
0.356936
0.350592
0.349993
0.373364
0.35049
0.34903
0.348628
0.378938
0.373667
0.368793
0.375996
0.377157
0.351555
0.385439
0.352115
0.407755
0.367436
0.389262
0.38635
0.410435
0.355962
0.372335
0.375387
0.414037
0.348713
0.351275
0.351243
0.358872
0.349933
0.354216
0.366142
0.363534
0.382694
0.378164
0.377332
0.385026
0.346656
0.356185
0.401469
0.401855
0.347066
0.380127
0.354995
0.371778
0.375019
0.376653
0.360972
0.36587
0.351289
0.360552
0.374902
0.359653
0.362451
0.3491
0.351258
0.356232
0.348377
0.375174
0.362922
0.386765
0.369741
0.350794
0.352475
0.420833
0.347786
0.368247
0.390833
0.370266
0.37218
0.346415
0.35718
0.352935
0.378032
0.337056
0.351303
0.359018
0.385485
0.350889
0.365539
0.375042
0.351959
0.349032
0.376661
0.378708
0.348954
0.348831
0.371086
0.355392
0.358193
0.345274
0.349389
0.377284
0.376824
0.391324
0.401672
0.381555
0.391185
0.371414
0.353458
0.350359
0.350714
0.349579
0.387701
0.369934
0.366074
0.347495
0.349744
0.390426
0.364824
0.348956
0.378668
0.36562
0.35034
0.35857
0.35308
0.349663
0.403256
0.402403
0.34692
0.353091
0.351033
0.346582
0.351156
0.350347
0.349184
0.347446
0.350538
0.378155
0.351756
0.351731
0.402011
0.387095
0.36619
0.371213
0.374081
0.384724
0.392977
0.3509
0.444343
0.410112
0.364205
0.350637
0.36446
0.34955
0.353825
0.352573
0.37807
0.34928
0.376441
0.377376
0.374241
0.367956
0.358057
0.361139
0.371533
0.349365
0.363283
0.350885
0.377165
0.380372
0.390486
0.407309
0.351538
0.373885
0.38493
0.353842
0.363723
0.3585
0.360133
0.41522
0.358672
0.350098
0.358483
0.346428
0.358781
0.347189
0.374918
0.372986
0.351613
0.349807
0.35037
0.418862
0.363756
0.386183
0.351128
0.396867
0.374173
0.365512
0.383698
0.371017
0.364395
0.408562
0.342411
0.368259
0.374437
0.35037
0.36656
0.372544
0.349859
0.350204
0.37481
0.35161
0.373951
0.35274
0.40089
0.395967
0.37094
0.385111
0.363274
0.412814
0.383397
0.375432
0.351097
0.369875
0.393834
0.349666
0.414893
0.358629
0.387373
0.350422
0.370289
0.378567
0.390965
0.355537
0.352886
0.349779
0.351516
0.349148
0.35256
0.392048
0.374585
0.367401
0.40156
0.376886
0.366245
0.352438
0.400867
0.36365
0.358569
0.388305
0.355699
0.368961
0.376409
0.350893
0.393085
0.3491
0.352877
0.349763
0.356754
0.361158
0.364783
0.381025
0.354125
0.366854
0.363287
0.381563
0.394237
0.348411
0.357268
0.359899
0.375607
0.364448
0.36155
0.365702
0.355594
0.351508
0.377753
0.359498
0.354407
0.343655
0.352789
0.344023
0.356285
0.344042
0.351043
0.373682
0.355639
0.346965
0.384085
0.35101
0.372884
0.349227
0.348327
0.371238
0.349732
0.36039
0.389609
0.346529
0.351689
0.36101
0.351061
0.350531
0.352355
0.377439
0.354289
0.368075
0.41888
0.375207
0.398601
0.447598
0.416108
0.347679
0.350443
0.396061
0.378295
0.37659
0.342939
0.34604
0.359845
0.369084
0.349273
0.393575
0.351072
0.382711
0.372702
0.382085
0.377143
0.372537
0.347846
0.372512
0.347291
0.367527
0.386811
0.351257
0.345405
0.35014
0.343212
0.37725
0.346078
0.369482
0.346393
0.38447
0.365734
0.34562
0.346138
0.348738
0.367008
0.344525
0.345091
0.354079
0.350729
0.366254
0.367984
0.372649
0.359612
0.348245
0.373724
0.419493
0.367163
0.346194
0.351036
0.349996
0.394418
0.395684
0.36273
0.368961
0.380301
0.351728
0.349869
0.354213
0.349173
0.369864
0.350191
0.375474
0.348964
0.348923
0.3599
0.40028
0.38153
0.352447
0.368579
0.370701
0.348529
0.390555
0.359663
0.380651
0.367557
0.352107
0.377225
0.372731
0.355864
0.352515
0.386529
0.354343
0.366757
0.39362
0.351204
0.382947
0.361464
0.381809
0.374919
0.429361
0.349709
0.368318
0.433531
0.355632
0.405697
0.369361
0.378552
0.348838
0.352657
0.375591
0.354253
0.380278
0.374029
0.3501
0.373792
0.380683
0.390306
0.410248
0.376613
0.381626
0.379762
0.390435
0.439662
0.369681
0.399138
0.400958
0.38376
0.351876
0.374004
0.370338
0.351191
0.380102
0.374789
0.38296
0.360724
0.384498
0.389753
0.402877
0.34771
0.351044
0.354483
0.375463
0.346345
0.374219
0.35183
0.40576
0.379287
0.362492
0.36428
0.367173
0.363825
0.387988
0.364567
0.381507
0.357204
0.340294
0.432242
0.361889
0.397427
0.39261
0.394581
0.365329
0.378386
0.348663
0.352336
0.364042
0.352539
0.350725
0.37754
0.357668
0.35029
0.350182
0.355285
0.349089
0.347266
0.346593
0.383138
0.349499
0.363592
0.34759
0.352688
0.344914
0.361998
0.341701
0.354811
0.356875
0.396021
0.395334
0.36577
0.346052
0.351517
0.397848
0.351328
0.348731
0.348893
0.348997
0.377249
0.345685
0.380724
0.364949
0.353676
0.365622
0.348312
0.343088
0.351876
0.347818
0.347966
0.339818
0.361487
0.347985
0.42099
0.371527
0.362284
0.346507
0.420686
0.366703
0.427471
0.380874
0.382874
0.369362
0.407339
0.38232
0.378716
0.403382
0.4073
0.348206
0.365862
0.408592
0.36554
0.347937
0.345964
0.396314
0.349268
0.351526
0.351059
0.384665
0.375261
0.375692
0.381551
0.37354
0.372883
0.414268
0.349736
0.380281
0.348881
0.351159
0.404646
0.3542
0.350079
0.349647
0.350853
0.384454
0.348615
0.386902
0.376482
0.404756
0.350417
0.369237
0.350001
0.401508
0.378336
0.390618
0.386747
0.403917
0.374484
0.375268
0.371562
0.369105
0.37727
0.363925
0.369085
0.379602
0.367295
0.348603
0.350201
0.349479
0.35568
0.376076
0.351655
0.357038
0.402768
0.38399
0.374878
0.350153
0.351439
0.371881
0.385753
0.347345
0.370013
0.350606
0.353312
0.376104
0.371356
0.385707
0.400904
0.356987
0.408719
0.360367
0.353606
0.373003
0.3493
0.349832
0.371941
0.373095
0.353536
0.351039
0.37237
0.369782
0.362825
0.37792
0.392128
0.351632
0.380429
0.354377
0.392509
0.372902
0.351917
0.349067
0.385938
0.35053
0.372712
0.404327
0.395754
0.352023
0.366065
0.368467
0.407571
0.352548
0.350819
0.347313
0.397285
0.365309
0.370035
0.400822
0.370143
0.380598
0.35079
0.372148
0.350255
0.36958
0.35071
0.370238
0.350262
0.351791
0.349296
0.385532
0.396543
0.376446
0.346681
0.349651
0.363713
0.372806
0.35048
0.354413
0.351185
0.3663
0.361775
0.36428
0.403677
0.370402
0.373377
0.376315
0.381728
0.373873
0.347956
0.378619
0.369375
0.384374
0.371934
0.381511
0.389766
0.378767
0.347255
0.35184
0.397369
0.348132
0.378971
0.421368
0.349559
0.373092
0.379502
0.368609
0.383834
0.439466
0.349756
0.343575
0.385134
0.382489
0.351112
0.376699
0.371782
0.368241
0.377584
0.368442
0.391004
0.387407
0.352775
0.366668
0.349631
0.349045
0.385898
0.379367
0.345312
0.349226
0.370117
0.375037
0.398329
0.366152
0.39091
0.37219
0.373493
0.34992
0.421542
0.391766
0.350977
0.367321
0.379825
0.351643
0.352271
0.355456
0.37308
0.391248
0.377585
0.386569
0.373423
0.352797
0.347924
0.350177
0.370537
0.40972
0.348322
0.391823
0.370384
0.383915
0.401697
0.352166
0.373569
0.352093
0.375648
0.378184
0.361573
0.358214
0.348638
0.35488
0.362844
0.373308
0.359542
0.353273
0.358085
0.374626
0.368822
0.378099
0.37017
0.369562
0.363841
0.361047
0.356392
0.349066
0.381626
0.406629
0.34898
0.35155
0.347759
0.364972
0.343988
0.347218
0.344507
0.344176
0.342053
0.351667
0.385493
0.4127
0.346927
0.353365
0.386911
0.382197
0.351249
0.353842
0.379034
0.376248
0.370657
0.366274
0.37191
0.354638
0.375842
0.351292
0.375375
0.37446
0.349673
0.386323
0.36552
0.397439
0.370827
0.352431
0.349618
0.382659
0.379151
0.374939
0.349376
0.367977
0.352792
0.393418
0.36227
0.39775
0.350193
0.364216
0.367537
0.374122
0.39318
0.368076
0.364654
0.368391
0.376731
0.38666
0.368853
0.386339
0.372538
0.350859
0.351009
0.37978
0.373916
0.358733
0.378698
0.378578
0.349531
0.365951
0.353515
0.390258
0.351232
0.382704
0.377197
0.348914
0.384979
0.360621
0.36468
0.39858
0.349946
0.373632
0.408625
0.374886
0.381177
0.395755
0.426309
0.367573
0.368734
0.351512
0.3627
0.379117
0.370427
0.346095
0.351051
0.363346
0.348827
0.369022
0.370824
0.370675
0.35056
0.368793
0.410906
0.382332
0.364485
0.372604
0.371851
0.374335
0.350993
0.382953
0.391422
0.356033
0.349372
0.355084
0.355249
0.371226
0.349157
0.350638
0.351762
0.373163
0.366903
0.370948
0.378956
0.351984
0.351327
0.381494
0.355917
0.428521
0.383462
0.354307
0.352876
0.351192
0.352652
0.374698
0.371431
0.366422
0.367058
0.349892
0.35158
0.353084
0.35211
0.351008
0.350169
0.372062
0.346598
0.351809
0.378514
0.391579
0.387264
0.435264
0.389847
0.378359
0.372628
0.386426
0.366399
0.352433
0.374971
0.367376
0.353096
0.396048
0.376657
0.377793
0.405092
0.350779
0.3927
0.370478
0.397218
0.366286
0.371633
0.387153
0.415308
0.365583
0.394411
0.376421
0.367814
0.378267
0.390979
0.376802
0.350298
0.371354
0.393424
0.383223
0.350706
0.364426
0.381268
0.349402
0.391834
0.372936
0.354326
0.356892
0.34964
0.351269
0.353269
0.37462
0.384228
0.357102
0.37004
0.370599
0.35067
0.381145
0.400099
0.347897
0.350962
0.374671
0.393412
0.370653
0.387807
0.379699
0.352335
0.355219
0.363156
0.374049
0.393168
0.356245
0.352225
0.375481
0.376396
0.352278
0.380803
0.376726
0.375292
0.403972
0.362834
0.348806
0.370547
0.364701
0.351094
0.356066
0.350627
0.383967
0.35019
0.351646
0.351352
0.385764
0.365603
0.358056
0.378845
0.37587
0.345935
0.376086
0.342228
0.350769
0.380947
0.391985
0.380361
0.351203
0.368673
0.373009
0.347388
0.346173
0.382417
0.347574
0.35237
0.371687
0.366544
0.350904
0.348123
0.352954
0.377292
0.352334
0.383579
0.353906
0.350194
0.35125
0.364655
0.363984
0.386152
0.349229
0.378915
0.350726
0.352647
0.349481
0.35601
0.353717
0.35062
0.371029
0.351685
0.361121
0.376663
0.392531
0.365776
0.35332
0.351166
0.354256
0.351953
0.351259
0.351189
0.384534
0.383846
0.359
0.351821
0.350773
0.354821
0.382611
0.351526
0.355188
0.377858
0.377916
0.385963
0.366309
0.368085
0.365611
0.350717
0.355538
0.381939
0.348848
0.351446
0.367284
0.370748
0.347241
0.376232
0.378079
0.369777
0.356352
0.341467
0.368976
0.350689
0.348005
0.350585
0.346945
0.405023
0.37289
0.370389
0.434057
0.377758
0.381457
0.375981
0.407376
0.386569
0.365879
0.347952
0.371746
0.373145
0.391669
0.349402
0.354745
0.348849
0.376198
0.37057
0.367027
0.395932
0.371754
0.349838
0.3513
0.348497
0.377669
0.373037
0.366202
0.368175
0.379719
0.349344
0.354141
0.350491
0.384751
0.365024
0.353745
0.398211
0.351551
0.350661
0.42067
0.370821
0.35031
0.350051
0.353708
0.348904
0.384054
0.359666
0.353522
0.352351
0.349868
0.375596
0.351485
0.36537
0.378082
0.412256
0.393693
0.387281
0.378306
0.394123
0.365766
0.349591
0.380654
0.388649
0.448746
0.393968
0.378734
0.361056
0.379861
0.389311
0.376363
0.348863
0.379454
0.366273
0.351364
0.373361
0.368321
0.38514
0.391762
0.373709
0.383824
0.350839
0.347305
0.396433
0.360296
0.372591
0.391228
0.357881
0.367325
0.37029
0.383809
0.3528
0.389664
0.372774
0.362728
0.366038
0.375055
0.343278
0.343102
0.353442
0.377208
0.347205
0.346318
0.381795
0.355123
0.37338
0.373172
0.353131
0.37748
0.386919
0.39559
0.401951
0.348032
0.380918
0.378573
0.41556
0.376141
0.354007
0.366096
0.3509
0.341556
0.34889
0.362184
0.367745
0.34947
0.402154
0.351501
0.378606
0.349385
0.380659
0.349906
0.398557
0.390966
0.35144
0.358269
0.369918
0.345742
0.351611
0.375192
0.378773
0.346174
0.346437
0.343995
0.401904
0.34668
0.349147
0.401602
0.356832
0.373256
0.372777
0.350487
0.352904
0.351014
0.377597
0.358618
0.37137
0.365769
0.353181
0.351601
0.349826
0.352627
0.351703
0.352787
0.375123
0.366737
0.378297
0.349737
0.370739
0.345909
0.351869
0.352485
0.361095
0.395279
0.404756
0.389002
0.433252
0.361952
0.387046
0.374491
0.369198
0.370012
0.391913
0.368501
0.371996
0.371597
0.372647
0.365839
0.352902
0.372998
0.350485
0.352334
0.367139
0.388782
0.374704
0.351045
0.369211
0.37983
0.348251
0.370983
0.347786
0.397688
0.362474
0.356267
0.351011
0.350133
0.350274
0.350685
0.352841
0.374107
0.384872
0.354638
0.362668
0.378736
0.349009
0.353607
0.352367
0.395416
0.345475
0.382198
0.373422
0.372937
0.362677
0.390186
0.400843
0.362101
0.383454
0.367031
0.396635
0.370346
0.350786
0.377513
0.386255
0.382886
0.365482
0.460449
0.349549
0.38418
0.362671
0.385729
0.377254
0.388604
0.352747
0.368414
0.376399
0.424072
0.352051
0.370628
0.395085
0.351106
0.385598
0.37732
0.353497
0.364611
0.381232
0.349496
0.350646
0.377563
0.369018
0.354738
0.372183
0.351307
0.371144
0.365177
0.386286
0.351646
0.365549
0.364154
0.351482
0.368213
0.370302
0.368844
0.386749
0.349485
0.355243
0.368316
0.375039
0.346086
0.358455
0.35157
0.361401
0.350816
0.354395
0.37207
0.379342
0.385146
0.42176
0.386
0.371224
0.345605
0.37209
0.349148
0.349111
0.390403
0.353679
0.371126
0.348673
0.379998
0.370464
0.350116
0.400009
0.371797
0.404992
0.373334
0.390009
0.373538
0.376722
0.352508
0.38391
0.374919
0.352123
0.346655
0.377418
0.391803
0.380233
0.371963
0.374684
0.351265
0.403608
0.362443
0.369585
0.379427
0.384571
0.360903
0.379099
0.374579
0.35086
0.369345
0.351443
0.3525
0.376315
0.385417
0.374996
0.354322
0.390931
0.374082
0.349983
0.399612
0.399634
0.382528
0.356157
0.410124
0.366217
0.369866
0.35426
0.368348
0.377107
0.352739
0.36082
0.383223
0.368454
0.360424
0.353283
0.369678
0.374667
0.357219
0.373465
0.414227
0.360486
0.370666
0.353551
0.380665
0.377174
0.358267
0.355665
0.383571
0.352411
0.399925
0.351864
0.376055
0.374193
0.38559
0.35248
0.351408
0.376343
0.356679
0.350476
0.368635
0.351543
0.362131
0.387038
0.349389
0.406745
0.355845
0.350743
0.353154
0.364016
0.350617
0.372077
0.352757
0.374159
0.387619
0.351094
0.369033
0.381921
0.367292
0.383701
0.372132
0.369784
0.365186
0.351432
0.372314
0.379538
0.343518
0.373227
0.351617
0.364616
0.347722
0.34763
0.351679
0.378341
0.367817
0.351987
0.384185
0.382899
0.38279
0.409429
0.367167
0.385574
0.395765
0.443384
0.351484
0.377878
0.390975
0.351381
0.369876
0.352275
0.367039
0.374322
0.347075
0.361807
0.378594
0.389966
0.344195
0.346391
0.382456
0.366925
0.345697
0.348313
0.348086
0.377117
0.400624
0.357701
0.373168
0.369102
0.342339
0.344673
0.373896
0.428715
0.348976
0.349336
0.349508
0.37679
0.347459
0.380702
0.374533
0.377579
0.350238
0.385805
0.350236
0.383975
0.38718
0.372409
0.377624
0.351187
0.367527
0.380493
0.371804
0.39223
0.371417
0.375873
0.352922
0.372622
0.365385
0.3462
0.363895
0.387872
0.376706
0.367629
0.352595
0.38736
0.375292
0.37243
0.352895
0.373996
0.38136
0.388419
0.354822
0.351531
0.374035
0.374848
0.393145
0.383227
0.380762
0.351504
0.371036
0.364894
0.350124
0.351597
0.374525
0.368637
0.351869
0.367903
0.384485
0.357157
0.364737
0.385481
0.373779
0.352766
0.351701
0.37929
0.400552
0.350379
0.386361
0.381376
0.38027
0.361922
0.351587
0.367238
0.375775
0.351011
0.369657
0.373763
0.372423
0.350815
0.377995
0.351844
0.373622
0.350203
0.352007
0.407385
0.352729
0.385459
0.352003
0.349102
0.384384
0.349383
0.375193
0.35101
0.357343
0.373985
0.3833
0.369656
0.358654
0.354177
0.38089
0.348112
0.371247
0.390127
0.351672
0.351444
0.353137
0.367108
0.388147
0.397529
0.369279
0.358471
0.385116
0.377865
0.351539
0.365577
0.373227
0.406004
0.37442
0.376709
0.364161
0.3715
0.365881
0.382639
0.37989
0.385417
0.376534
0.375049
0.349976
0.364936
0.376565
0.392031
0.368127
0.385423
0.351949
0.385765
0.373386
0.375572
0.351341
0.351018
0.388645
0.375565
0.350347
0.349723
0.379875
0.360945
0.372293
0.34984
0.3515
0.406892
0.376851
0.351877
0.376348
0.384725
0.382851
0.362246
0.368747
0.352421
0.366565
0.394411
0.361116
0.3511
0.354215
0.351647
0.374552
0.371295
0.34991
0.406405
0.368051
0.387313
0.350936
0.373134
0.372784
0.351298
0.377132
0.363981
0.350849
0.380638
0.352501
0.356034
0.356
0.352365
0.386207
0.347501
0.365063
0.380367
0.380879
0.3659
0.347184
0.34738
0.368054
0.372616
0.366562
0.352522
0.349557
0.368298
0.358819
0.370699
0.350375
0.368883
0.393791
0.392198
0.360115
0.358943
0.371282
0.395982
0.382592
0.386119
0.371018
0.351225
0.375864
0.37603
0.35352
0.35164
0.353107
0.353427
0.351198
0.352797
0.370323
0.372336
0.388567
0.352001
0.349265
0.37852
0.348056
0.370226
0.382417
0.350158
0.352784
0.351478
0.387145
0.359205
0.352266
0.382111
0.399064
0.3748
0.377618
0.347226
0.350032
0.34666
0.354287
0.37657
0.366416
0.349947
0.350303
0.376421
0.350216
0.351601
0.385261
0.369745
0.372079
0.349611
0.351638
0.389272
0.362857
0.400435
0.412437
0.382641
0.351294
0.350382
0.354404
0.372965
0.346459
0.349252
0.352662
0.346994
0.373817
0.350313
0.421252
0.347618
0.352532
0.35048
0.368545
0.377308
0.378524
0.367636
0.38012
0.350232
0.346299
0.345529
0.353002
0.350237
0.383491
0.350096
0.382168
0.35719
0.368231
0.352135
0.354372
0.382972
0.364153
0.35061
0.377291
0.39035
0.37974
0.350438
0.352721
0.365804
0.351002
0.382611
0.3539
0.386496
0.350131
0.387393
0.35592
0.351119
0.350606
0.353625
0.355272
0.372686
0.351386
0.350901
0.375764
0.415204
0.351194
0.372438
0.384604
0.36637
0.371991
0.386889
0.353227
0.37399
0.369028
0.379349
0.371206
0.384316
0.359981
0.403096
0.390338
0.383498
0.374328
0.391727
0.386393
0.381276
0.36204
0.399188
0.381736
0.394919
0.37111
0.353814
0.360812
0.369804
0.349949
0.353431
0.354308
0.369061
0.353083
0.393365
0.365241
0.348568
0.382183
0.40271
0.387674
0.387576
0.382481
0.388585
0.350863
0.349655
0.350419
0.374329
0.352053
0.362415
0.361598
0.379109
0.351729
0.348815
0.349965
0.352987
0.377325
0.371785
0.349193
0.385963
0.377391
0.361991
0.366951
0.372969
0.37824
0.349403
0.351625
0.411584
0.349796
0.341935
0.345477
0.400518
0.36846
0.345506
0.362954
0.367316
0.35103
0.385911
0.363254
0.373638
0.344884
0.349332
0.372862
0.356929
0.37804
0.368029
0.369133
0.352815
0.376137
0.351035
0.373155
0.352861
0.350779
0.393227
0.343054
0.408943
0.387683
0.365841
0.348387
0.352572
0.350296
0.371639
0.348379
0.375006
0.349616
0.350171
0.347843
0.372669
0.349137
0.350782
0.386583
0.370455
0.351466
0.390316
0.348784
0.356437
0.373348
0.372078
0.356789
0.380681
0.353539
0.34471
0.422615
0.374031
0.370718
0.348025
0.377885
0.361756
0.378537
0.351235
0.355945
0.37508
0.380645
0.391347
0.349777
0.34849
0.37156
0.360104
0.385703
0.398101
0.346011
0.350465
0.399295
0.412799
0.36585
0.35924
0.346433
0.375507
0.347759
0.351176
0.364331
0.387575
0.417783
0.374278
0.401033
0.367766
0.36738
0.36653
0.346744
0.376187
0.351127
0.347336
0.352041
0.350022
0.349306
0.350648
0.346358
0.365025
0.374246
0.356471
0.38707
0.373998
0.350449
0.38685
0.360478
0.378635
0.358942
0.381139
0.385073
0.35245
0.350803
0.348499
0.371795
0.375227
0.362664
0.382508
0.376151
0.350285
0.35177
0.356851
0.366137
0.373874
0.351078
0.368353
0.36351
0.343725
0.350949
0.351599
0.381209
0.349398
0.352736
0.425952
0.348483
0.351328
0.348525
0.347959
0.349185
0.361916
0.371913
0.367102
0.366104
0.405701
0.39462
0.350683
0.420835
0.351962
0.35065
0.376198
0.364878
0.352381
0.3509
0.37698
0.34979
0.387396
0.350765
0.38747
0.350506
0.377059
0.346214
0.377923
0.37079
0.394175
0.34575
0.392065
0.349473
0.35068
0.371908
0.378884
0.360355
0.358401
0.350296
0.345863
0.347748
0.369686
0.349018
0.346594
0.350321
0.389055
0.367708
0.349581
0.372052
0.379161
0.374117
0.350958
0.376097
0.38301
0.344585
0.364344
0.351068
0.384135
0.376771
0.368948
0.373052
0.388876
0.378326
0.341133
0.353523
0.373523
0.379427
0.376383
0.35294
0.368517
0.344942
0.347925
0.350099
0.358552
0.350694
0.372345
0.368032
0.349894
0.349423
0.377221
0.35689
0.365306
0.379019
0.364684
0.392098
0.345193
0.37251
0.346845
0.353789
0.348384
0.380726
0.409927
0.395556
0.351653
0.401078
0.358693
0.348071
0.346475
0.38666
0.37508
0.39072
0.367715
0.349221
0.341495
0.373372
0.344181
0.364027
0.35156
0.350815
0.362974
0.378541
0.362234
0.35188
0.346177
0.355346
0.348468
0.350592
0.431781
0.37726
0.346347
0.365282
0.385345
0.371367
0.361171
0.353101
0.347428
0.359559
0.368531
0.354219
0.363135
0.390479
0.372321
0.355838
0.375445
0.345532
0.366244
0.354741
0.356028
0.369382
0.350967
0.371114
0.370469
0.349731
0.342469
0.34849
0.373107
0.387161
0.379146
0.373314
0.387883
0.343822
0.360497
0.370449
0.383926
0.386564
0.363898
0.350527
0.353382
0.350643
0.346124
0.372322
0.373098
0.359249
0.363598
0.379347
0.350564
0.342294
0.364984
0.372453
0.369561
0.36636
0.367742
0.3686
0.448305
0.34678
0.382429
0.385034
0.382985
0.347933
0.344739
0.401004
0.351828
0.349463
0.372842
0.379372
0.406269
0.369161
0.347605
0.37797
0.349168
0.385263
0.359972
0.380328
0.349667
0.375812
0.373556
0.384073
0.347775
0.358776
0.373282
0.381131
0.356807
0.382386
0.34031
0.355023
0.367049
0.351441
0.369299
0.355323
0.38139
0.379895
0.367387
0.351738
0.37317
0.354374
0.369333
0.365872
0.349748
0.402885
0.345091
0.37177
0.353826
0.385854
0.348167
0.389519
0.356864
0.390023
0.387663
0.393015
0.344684
0.446026
0.348993
0.354102
0.377299
0.370115
0.351611
0.399968
0.348526
0.353105
0.348994
0.384205
0.37592
0.367395
0.362496
0.367896
0.368492
0.383063
0.365776
0.348838
0.366988
0.347307
0.372959
0.376218
0.344914
0.385824
0.376885
0.396365
0.361403
0.350591
0.353391
0.35529
0.345649
0.352575
0.369343
0.385847
0.393779
0.367373
0.350078
0.351659
0.344738
0.38512
0.368671
0.403923
0.339627
0.349231
0.364855
0.352806
0.375281
0.390758
0.369065
0.404357
0.375034
0.364883
0.353029
0.36595
0.402758
0.361046
0.358452
0.362682
0.409266
0.382863
0.376622
0.35064
0.352564
0.34963
0.399066
0.365081
0.400452
0.368907
0.376322
0.357979
0.378131
0.365956
0.363214
0.345162
0.35165
0.358175
0.373554
0.375018
0.351889
0.387018
0.380207
0.385942
0.374345
0.373429
0.396598
0.367212
0.395413
0.369842
0.350723
0.356279
0.399661
0.39998
0.379405
0.354312
0.342101
0.356118
0.416437
0.373034
0.365
0.366931
0.392263
0.358975
0.376909
0.348682
0.369349
0.346757
0.368784
0.351427
0.357884
0.343469
0.376885
0.350595
0.349436
0.34004
0.39105
0.353634
0.370645
0.381263
0.362854
0.351079
0.398283
0.344935
0.351451
0.350057
0.352964
0.362172
0.374003
0.345981
0.412637
0.367164
0.404822
0.350556
0.346694
0.340589
0.38633
0.375297
0.369632
0.34023
0.403934
0.34565
0.348555
0.368385
0.366997
0.349602
0.353109
0.337757
0.368106
0.347692
0.421859
0.366728
0.381009
0.379333
0.370966
0.373398
0.350054
0.350296
0.414016
0.374987
0.366744
0.381132
0.376638
0.347963
0.364876
0.401193
0.354296
0.346506
0.344429
0.356497
0.373003
0.381368
0.345033
0.395368
0.36824
0.34996
0.385488
0.363892
0.380896
0.351049
0.34353
0.384984
0.386215
0.345501
0.371982
0.384211
0.366558
0.348278
0.34332
0.350126
0.354795
0.365831
0.348156
0.348271
0.358661
0.339991
0.386193
0.371062
0.352967
0.38875
0.375689
0.367759
0.37537
0.36672
0.352053
0.367979
0.390934
0.355306
0.36701
0.369537
0.380235
0.397153
0.359309
0.350367
0.356843
0.347871
0.367322
0.365913
0.384226
0.3749
0.402051
0.402731
0.390287
0.352266
0.354958
0.382503
0.348548
0.350686
0.34783
0.358049
0.359249
0.348423
0.348994
0.363272
0.374283
0.368145
0.348132
0.346114
0.386032
0.368824
0.357697
0.373585
0.361879
0.364116
0.368784
0.351903
0.348564
0.34926
0.356273
0.375223
0.385973
0.351455
0.357891
0.376634
0.349122
0.348542
0.366129
0.36798
0.367321
0.371143
0.369695
0.349231
0.371102
0.348358
0.360501
0.36813
0.361242
0.37028
0.351382
0.367722
0.36762
0.399855
0.358189
0.349279
0.412133
0.36265
0.36534
0.390227
0.36907
0.38632
0.370019
0.373025
0.36901
0.352694
0.349369
0.374981
0.37362
0.353537
0.352102
0.374441
0.351065
0.352914
0.360364
0.386869
0.362778
0.353494
0.352981
0.386036
0.373322
0.352846
0.351212
0.402161
0.345684
0.350307
0.35203
0.351133
0.366399
0.350186
0.348755
0.363799
0.351185
0.366396
0.351093
0.362423
0.355225
0.359162
0.349518
0.351315
0.353693
0.348897
0.349416
0.359637
0.36611
0.344329
0.358111
0.361504
0.379805
0.342713
0.351052
0.363912
0.373903
0.339628
0.355112
0.436002
0.393332
0.393342
0.354179
0.348946
0.351953
0.349916
0.357674
0.352261
0.372104
0.34371
0.350636
0.346291
0.394353
0.344409
0.350482
0.363384
0.384848
0.364761
0.364798
0.373355
0.400297
0.340583
0.358542
0.350303
0.353604
0.339394
0.354098
0.347178
0.354021
0.348419
0.352413
0.367521
0.35063
0.344099
0.349306
0.345528
0.352197
0.369847
0.366268
0.367138
0.370706
0.419914
0.381333
0.350009
0.384014
0.357662
0.364272
0.377947
0.350876
0.34869
0.355749
0.376453
0.382238
0.347604
0.369073
0.351009
0.41181
0.37582
0.363067
0.396211
0.354116
0.34931
0.353244
0.350675
0.353599
0.348684
0.371459
0.364288
0.352916
0.348295
0.351726
0.347128
0.391181
0.347217
0.401405
0.385702
0.415408
0.371295
0.374735
0.368411
0.371707
0.369953
0.382522
0.370715
0.352904
0.385271
0.369252
0.382494
0.404765
0.368674
0.378031
0.376216
0.373552
0.380794
0.365821
0.349524
0.381216
0.352135
0.385494
0.349769
0.347488
0.367234
0.350397
0.394036
0.349733
0.353058
0.354112
0.381105
0.349139
0.387713
0.351677
0.349021
0.366474
0.375801
0.353038
0.35292
0.346114
0.346321
0.377977
0.372771
0.386097
0.35934
0.368546
0.391783
0.360766
0.365978
0.385084
0.367333
0.372283
0.391894
0.379476
0.353915
0.349107
0.351518
0.350769
0.355473
0.360351
0.357978
0.351284
0.376561
0.382645
0.367153
0.383352
0.369754
0.372344
0.352579
0.353296
0.355134
0.354199
0.358367
0.36886
0.369556
0.3587
0.373074
0.3476
0.352033
0.36862
0.353558
0.379253
0.357599
0.367907
0.351681
0.364197
0.404795
0.354174
0.37931
0.366372
0.352867
0.362214
0.398054
0.387789
0.392493
0.360539
0.390668
0.349519
0.379666
0.339376
0.384742
0.361956
0.355204
0.347779
0.375925
0.367868
0.354066
0.348069
0.386787
0.385242
0.376544
0.377744
0.373564
0.369049
0.376199
0.372361
0.351746
0.354972
0.355336
0.358992
0.369606
0.371543
0.370045
0.369903
0.373293
0.385774
0.353222
0.372509
0.390251
0.352752
0.37929
0.387725
0.384176
0.370327
0.37702
0.352198
0.351086
0.352024
0.37334
0.3502
0.384231
0.353726
0.352307
0.391125
0.398626
0.371967
0.380389
0.363101
0.349703
0.451733
0.352877
0.380362
0.361896
0.371628
0.360337
0.382867
0.391244
0.404864
0.351438
0.377065
0.353528
0.390896
0.350509
0.403022
0.363112
0.374057
0.350351
0.374592
0.352421
0.375233
0.350228
0.379773
0.353297
0.353652
0.349323
0.353121
0.352479
0.371889
0.349495
0.361863
0.359606
0.396353
0.365455
0.363289
0.365421
0.375657
0.348676
0.371035
0.345507
0.352266
0.34434
0.350785
0.348601
0.366616
0.341939
0.350383
0.345474
0.352839
0.34531
0.363968
0.354255
0.355413
0.394113
0.360065
0.377177
0.363827
0.36643
0.350433
0.374492
0.367284
0.364182
0.353352
0.367575
0.351398
0.361355
0.352119
0.3469
0.35243
0.381893
0.3977
0.349041
0.355642
0.374828
0.400888
0.350143
0.413047
0.346134
0.376575
0.366735
0.421323
0.349648
0.351593
0.351677
0.389118
0.350902
0.367787
0.361616
0.362605
0.349116
0.381988
0.350371
0.363224
0.349313
0.383206
0.367419
0.3858
0.3452
0.368726
0.376496
0.377246
0.341999
0.397873
0.371936
0.352061
0.353762
0.372376
0.346638
0.370673
0.342415
0.35059
0.346251
0.35019
0.357144
0.383399
0.396988
0.378721
0.384554
0.35184
0.387401
0.384777
0.349232
0.365972
0.377481
0.352374
0.342936
0.376901
0.350022
0.382223
0.361166
0.370782
0.347331
0.353559
0.343554
0.399022
0.388946
0.351402
0.364148
0.394021
0.373199
0.391737
0.34184
0.37883
0.395997
0.421366
0.349385
0.353278
0.362924
0.364124
0.404744
0.377489
0.375997
0.373917
0.354963
0.350924
0.393237
0.380655
0.377509
0.3671
0.369204
0.388723
0.353508
0.353081
0.351442
0.374093
0.372207
0.35223
0.354135
0.351111
0.373984
0.380314
0.376163
0.345319
0.353168
0.351544
0.352738
0.351899
0.352609
0.378977
0.373647
0.383641
0.374787
0.369359
0.391758
0.344917
0.349098
0.35869
0.370144
0.371922
0.379771
0.372479
0.365797
0.351648
0.384293
0.399565
0.366252
0.369294
0.350788
0.360245
0.384916
0.340858
0.353166
0.37912
0.383698
0.344005
0.37788
0.345701
0.380379
0.345186
0.357239
0.370782
0.427699
0.371083
0.372144
0.347949
0.354103
0.34288
0.368942
0.35939
0.362675
0.37346
0.354386
0.353052
0.381219
0.3543
0.35361
0.396067
0.354456
0.372759
0.383266
0.372475
0.355233
0.347586
0.398707
0.37183
0.361473
0.349848
0.354605
0.375934
0.385355
0.376614
0.374331
0.365286
0.37649
0.349373
0.374405
0.370756
0.366437
0.353196
0.373081
0.401997
0.39595
0.385949
0.36929
0.386529
0.369828
0.386832
0.378391
0.40189
0.381105
0.373973
0.379168
0.369164
0.353813
0.381828
0.382161
0.405636
0.348901
0.38796
0.351913
0.371498
0.345364
0.354056
0.36867
0.373193
0.353544
0.372597
0.350611
0.401738
0.354882
0.351615
0.345436
0.364061
0.366153
0.352093
0.357727
0.377073
0.354296
0.353165
0.351057
0.351833
0.345194
0.369945
0.382276
0.355102
0.372175
0.353838
0.371828
0.350101
0.377369
0.347091
0.36438
0.364813
0.362016
0.352587
0.381626
0.353605
0.378404
0.353013
0.373159
0.37463
0.373279
0.39176
0.351222
0.353886
0.348473
0.368888
0.372441
0.420949
0.367817
0.370993
0.352163
0.354938
0.376493
0.352943
0.34932
0.352968
0.348652
0.350014
0.350279
0.352882
0.357097
0.352029
0.352037
0.359681
0.353814
0.349595
0.368579
0.401352
0.370271
0.349767
0.353178
0.407864
0.357583
0.368423
0.364116
0.354449
0.381681
0.351687
0.351728
0.386251
0.36519
0.350447
0.358514
0.368956
0.354502
0.377783
0.37952
0.354411
0.365629
0.350913
0.349984
0.38504
0.344292
0.364993
0.35197
0.355621
0.357465
0.389075
0.370612
0.352808
0.369469
0.372929
0.346132
0.4165
0.367431
0.353218
0.369397
0.452421
0.377347
0.386844
0.360889
0.352591
0.352989
0.390556
0.376492
0.409568
0.350947
0.353569
0.382734
0.402795
0.37865
0.346492
0.349674
0.350204
0.356845
0.348513
0.357612
0.388336
0.369254
0.368655
0.377294
0.351929
0.386245
0.350292
0.373471
0.350839
0.348113
0.372914
0.361832
0.443915
0.350782
0.347578
0.380299
0.385849
0.359534
0.404796
0.389224
0.36331
0.351686
0.346804
0.461493
0.341525
0.364719
0.349829
0.353468
0.380579
0.385485
0.373579
0.367341
0.359584
0.353468
0.377059
0.394903
0.341869
0.389684
0.351312
0.356169
0.377997
0.365804
0.383178
0.351624
0.345594
0.385205
0.384549
0.380963
0.36572
0.405177
0.367227
0.374509
0.368523
0.366084
0.393132
0.382349
0.349059
0.35048
0.368405
0.357848
0.388865
0.400789
0.361484
0.372277
0.376537
0.372945
0.364946
0.354143
0.350072
0.352973
0.349632
0.350645
0.409506
0.353522
0.388558
0.369628
0.350799
0.374562
0.349484
0.380812
0.357694
0.375828
0.376663
0.366259
0.404002
0.384999
0.404604
0.366397
0.364726
0.345669
0.352881
0.33533
0.349254
0.348329
0.349833
0.374771
0.38045
0.345939
0.369197
0.373305
0.374291
0.34137
0.351688
0.382298
0.368589
0.348452
0.35699
0.343792
0.382822
0.384679
0.364229
0.366787
0.342415
0.347264
0.359866
0.370919
0.373205
0.344417
0.346944
0.342148
0.38879
0.349729
0.38392
0.374386
0.345639
0.365717
0.343921
0.348987
0.34795
0.344902
0.346258
0.370037
0.345798
0.372222
0.355616
0.352563
0.371871
0.344512
0.371969
0.400439
0.348015
0.346733
0.366587
0.349969
0.34282
0.376517
0.400496
0.372861
0.379899
0.365743
0.388611
0.368773
0.349375
0.365163
0.350149
0.377355
0.384215
0.34662
0.352506
0.401065
0.348984
0.369521
0.366259
0.353976
0.358867
0.357171
0.347224
0.345166
0.366757
0.344096
0.350843
0.366568
0.356482
0.364493
0.384105
0.369941
0.349965
0.366347
0.345978
0.349069
0.380421
0.351099
0.363304
0.353256
0.348492
0.366302
0.34881
0.35934
0.384388
0.365272
0.392248
0.367583
0.374642
0.350856
0.352121
0.370613
0.383768
0.340224
0.352362
0.371826
0.380461
0.353482
0.350433
0.354396
0.382506
0.348114
0.351833
0.389255
0.38045
0.348473
0.366183
0.381669
0.363653
0.338418
0.344816
0.374636
0.363744
0.346947
0.345298
0.384362
0.341322
0.373008
0.364322
0.361222
0.342322
0.37545
0.362359
0.433285
0.351241
0.376927
0.373418
0.364272
0.436813
0.339505
0.347861
0.371609
0.3823
0.363952
0.417284
0.354072
0.356812
0.344945
0.350753
0.376819
0.35256
0.344005
0.400693
0.395631
0.415449
0.42917
0.386356
0.346238
0.406639
0.369937
0.402098
0.343873
0.366366
0.362439
0.369738
0.403752
0.345959
0.360502
0.386583
0.344458
0.345191
0.348708
0.382794
0.340221
0.365274
0.360715
0.375543
0.368203
0.361773
0.383126
0.388102
0.3669
0.371602
0.373376
0.368389
0.373327
0.341862
0.349368
0.35257
0.343466
0.368745
0.374995
0.36436
0.371579
0.39863
0.349397
0.371206
0.37802
0.361525
0.347952
0.378494
0.346393
0.3601
0.350996
0.361063
0.344942
0.382074
0.350436
0.364174
0.342154
0.349543
0.351463
0.377372
0.346188
0.359949
0.370588
0.367266
0.337723
0.344032
0.345857
0.352834
0.34351
0.34647
0.347604
0.349016
0.370607
0.351157
0.34533
0.359445
0.382878
0.38051
0.347333
0.350788
0.345471
0.347193
0.341356
0.349904
0.378609
0.381065
0.348049
0.374792
0.366527
0.376961
0.373861
0.384741
0.348435
0.351092
0.377919
0.368205
0.372582
0.366074
0.348354
0.364089
0.383952
0.354324
0.34948
0.352795
0.35065
0.37177
0.353867
0.376544
0.349814
0.388138
0.36618
0.362101
0.363917
0.398561
0.359752
0.36392
0.380394
0.395508
0.351887
0.365799
0.386395
0.352776
0.376788
0.369216
0.376266
0.380211
0.350513
0.378583
0.356415
0.351569
0.384216
0.385421
0.345549
0.387003
0.350976
0.390002
0.378078
0.371002
0.407401
0.384736
0.37385
0.350164
0.368888
0.384948
0.349961
0.351859
0.376333
0.38717
0.352857
0.377325
0.351819
0.40099
0.370632
0.357296
0.367795
0.376016
0.353404
0.364306
0.353177
0.396781
0.359693
0.349956
0.348892
0.372049
0.362704
0.338257
0.391329
0.371683
0.385617
0.37136
0.347127
0.352869
0.3744
0.349214
0.351462
0.382853
0.372645
0.349564
0.36954
0.380333
0.387751
0.368254
0.383972
0.367242
0.372188
0.351027
0.350424
0.346858
0.380427
0.376093
0.351237
0.379474
0.34969
0.3546
0.349846
0.37672
0.365985
0.350966
0.348462
0.351705
0.370069
0.368532
0.35278
0.351833
0.364837
0.351335
0.350216
0.369062
0.348498
0.344297
0.39635
0.375547
0.351781
0.346217
0.375708
0.375062
0.409323
0.352251
0.364138
0.389228
0.372243
0.380492
0.359316
0.385984
0.351369
0.348444
0.372387
0.400728
0.35273
0.380199
0.377136
0.37526
0.365826
0.387609
0.394864
0.350208
0.38439
0.373417
0.389338
0.348541
0.397512
0.382509
0.375943
0.348822
0.376016
0.37425
0.40176
0.383615
0.359016
0.367736
0.362074
0.373549
0.363336
0.353679
0.374037
0.400505
0.348268
0.379075
0.375977
0.367609
0.347629
0.36719
0.373664
0.346125
0.363374
0.349739
0.390835
0.354329
0.372692
0.355611
0.409868
0.379104
0.345095
0.364995
0.358709
0.348035
0.34456
0.348192
0.363156
0.356356
0.349348
0.372188
0.351164
0.384107
0.367122
0.363112
0.354237
0.371396
0.351917
0.362722
0.372947
0.356782
0.374252
0.351094
0.38425
0.371842
0.365961
0.442862
0.382271
0.35187
0.361649
0.36924
0.351241
0.352422
0.38079
0.361498
0.401303
0.374422
0.350287
0.351932
0.362524
0.349818
0.341647
0.388611
0.368957
0.351737
0.34969
0.398952
0.376003
0.37094
0.365095
0.391893
0.359152
0.414001
0.364869
0.402869
0.353008
0.362064
0.376798
0.368904
0.342309
0.393031
0.384696
0.371823
0.345539
0.373863
0.345488
0.369412
0.384185
0.370234
0.350065
0.389269
0.374192
0.37551
0.397708
0.371252
0.355891
0.362223
0.348917
0.386313
0.364773
0.379594
0.364268
0.408466
0.376856
0.372719
0.363613
0.354151
0.35511
0.349079
0.385537
0.356956
0.377519
0.353259
0.377501
0.356604
0.391685
0.381697
0.349485
0.3515
0.352516
0.383928
0.417594
0.369331
0.360041
0.356591
0.371513
0.370081
0.374359
0.40286
0.3687
0.377466
0.380861
0.349278
0.371096
0.364383
0.370616
0.374129
0.383053
0.349746
0.368386
0.348756
0.355434
0.354913
0.377738
0.370366
0.401481
0.356984
0.352124
0.385793
0.365393
0.363118
0.372231
0.373839
0.403651
0.380299
0.382188
0.350414
0.40028
0.386476
0.381276
0.387393
0.414395
0.381337
0.349487
0.385088
0.368734
0.372999
0.374824
0.373585
0.379619
0.350021
0.367012
0.364315
0.378951
0.352088
0.36497
0.353869
0.378066
0.367862
0.381449
0.351627
0.381829
0.376671
0.354014
0.374786
0.347865
0.343877
0.344008
0.360809
0.355581
0.365163
0.345297
0.352251
0.3852
0.348624
0.378941
0.394531
0.374358
0.409134
0.393894
0.373856
0.364984
0.346008
0.363834
0.370034
0.345915
0.393589
0.36659
0.361628
0.361603
0.347682
0.374171
0.384594
0.357431
0.349122
0.342722
0.349181
0.371696
0.370536
0.368488
0.365902
0.365424
0.386937
0.37328
0.396724
0.374595
0.40838
0.382245
0.382291
0.37188
0.352884
0.346866
0.354917
0.342097
0.38457
0.348079
0.399287
0.334359
0.39297
0.363541
0.379427
0.333926
0.375882
0.344425
0.397069
0.345241
0.347648
0.39342
0.385256
0.341703
0.369014
0.364554
0.390758
0.386124
0.346793
0.390223
0.354633
0.36993
0.368395
0.359921
0.367789
0.363244
0.36322
0.381927
0.350383
0.350468
0.371248
0.379633
0.370358
0.378869
0.369914
0.378432
0.384957
0.372447
0.382182
0.361596
0.34969
0.347614
0.363377
0.370681
0.375868
0.357926
0.361797
0.364321
0.377418
0.345249
0.360091
0.366866
0.368187
0.379742
0.346121
0.390327
0.386725
0.369377
0.364137
0.407565
0.367496
0.360534
0.343753
0.392115
0.371935
0.378664
0.371298
0.352836
0.384353
0.361025
0.344908
0.387931
0.354541
0.348082
0.370223
0.349581
0.345152
0.344245
0.362597
0.357676
0.365119
0.355839
0.370472
0.352578
0.383743
0.372848
0.342129
0.348513
0.351385
0.366561
0.370113
0.350287
0.378286
0.362461
0.359918
0.367114
0.357453
0.373117
0.33835
0.346727
0.346324
0.367588
0.37943
0.352186
0.37093
0.427381
0.344264
0.381979
0.372387
0.361455
0.369559
0.357819
0.391273
0.350989
0.345021
0.354717
0.360416
0.359122
0.337114
0.371576
0.386287
0.384136
0.355382
0.377461
0.35115
0.346553
0.344385
0.35955
0.351546
0.350481
0.364829
0.374229
0.37596
0.368809
0.348125
0.348243
0.356647
0.34821
0.373198
0.378424
0.373648
0.350554
0.377209
0.349072
0.376175
0.347272
0.367755
0.367237
0.352916
0.348039
0.397094
0.367568
0.358506
0.348525
0.342414
0.362553
0.365598
0.370244
0.361497
0.350812
0.3698
0.365753
0.368155
0.380107
0.393784
0.354939
0.358054
0.375328
0.380013
0.359472
0.365395
0.350683
0.397934
0.368348
0.343879
0.348616
0.393025
0.374742
0.350797
0.352881
0.394595
0.356265
0.36818
0.365859
0.370058
0.38661
0.380385
0.366522
0.376634
0.39591
0.38283
0.394179
0.342111
0.344746
0.377767
0.378168
0.350522
0.407656
0.347569
0.442328
0.343562
0.353565
0.344634
0.385457
0.34636
0.37996
0.348111
0.385422
0.356043
0.353017
0.35026
0.430031
0.343876
0.389701
0.362795
0.371125
0.349551
0.373923
0.346028
0.354444
0.345893
0.381788
0.354206
0.396647
0.341306
0.347908
0.378205
0.415737
0.346107
0.34802
0.344696
0.377421
0.341014
0.387734
0.350006
0.388493
0.368849
0.346383
0.381376
0.38431
0.374609
0.351767
0.357914
0.371338
0.338492
0.35868
0.350112
0.352842
0.361098
0.377132
0.357003
0.358179
0.339138
0.398157
0.347835
0.371535
0.358851
0.408358
0.411362
0.373154
0.342313
0.367459
0.379991
0.365674
0.363199
0.366019
0.360118
0.379688
0.347147
0.410566
0.365122
0.371566
0.383854
0.345477
0.417258
0.365276
0.346715
0.356422
0.360229
0.380389
0.385724
0.344123
0.354467
0.381638
0.360168
0.340116
0.35322
0.34713
0.382152
0.350297
0.408497
0.37968
0.344086
0.412368
0.367889
0.368276
0.351122
0.347814
0.35126
0.373278
0.364184
0.365167
0.375381
0.351144
0.416421
0.381583
0.374915
0.368242
0.402702
0.404663
0.353845
0.349247
0.382157
0.364479
0.375179
0.345142
0.391605
0.383448
0.388231
0.357815
0.380601
0.393686
0.400357
0.391232
0.36201
0.345098
0.392136
0.38088
0.356293
0.360374
0.386933
0.350662
0.362497
0.373846
0.377588
0.351627
0.377015
0.388643
0.388787
0.358895
0.37409
0.376604
0.384019
0.398098
0.386538
0.364603
0.377406
0.384768
0.352592
0.372252
0.395862
0.37342
0.350577
0.351606
0.349505
0.371167
0.350106
0.40111
0.352853
0.392072
0.351714
0.383112
0.374255
0.35161
0.351637
0.369018
0.356743
0.375811
0.356858
0.372589
0.374271
0.350827
0.373607
0.378428
0.364396
0.387176
0.351877
0.356487
0.378197
0.413221
0.340967
0.397456
0.337389
0.348694
0.370161
0.433592
0.349303
0.398103
0.364075
0.411219
0.349884
0.380855
0.41053
0.388681
0.347378
0.375159
0.351726
0.377274
0.385201
0.363213
0.382389
0.381379
0.404407
0.350307
0.366774
0.370957
0.370477
0.342392
0.379575
0.383025
0.365709
0.356692
0.416801
0.357467
0.382759
0.344298
0.400921
0.360708
0.385329
0.365931
0.375224
0.351249
0.396041
0.348618
0.376321
0.345192
0.349623
0.344854
0.353077
0.341149
0.373213
0.345866
0.344069
0.37841
0.34809
0.343563
0.398878
0.346959
0.415756
0.344963
0.372211
0.391408
0.351417
0.369032
0.397698
0.351981
0.349709
0.344704
0.413072
0.366591
0.371944
0.377608
0.380403
0.337947
0.366056
0.403949
0.410518
0.34927
0.389388
0.387657
0.380467
0.350809
0.398221
0.376714
0.393266
0.366268
0.36177
0.364438
0.387205
0.388367
0.374526
0.381621
0.359023
0.386036
0.356608
0.353844
0.382491
0.362265
0.350814
0.351513
0.389812
0.351363
0.34747
0.352668
0.350865
0.379912
0.403641
0.378538
0.359655
0.348797
0.341502
0.36414
0.381927
0.352186
0.350435
0.348894
0.374441
0.359942
0.37143
0.37812
0.345135
0.350822
0.376545
0.37611
0.354452
0.359332
0.346191
0.351845
0.378883
0.413657
0.347435
0.403073
0.376865
0.374482
0.376807
0.354327
0.349412
0.352288
0.385816
0.389794
0.392228
0.379266
0.344189
0.418843
0.409805
0.360043
0.343123
0.380487
0.413209
0.366843
0.389928
0.387965
0.380134
0.371603
0.402811
0.358287
0.375839
0.349619
0.358301
0.382995
0.353033
0.346409
0.372628
0.374595
0.381924
0.354322
0.382216
0.387072
0.403595
0.350676
0.370216
0.384127
0.382977
0.351006
0.353702
0.376637
0.35161
0.351053
0.373058
0.374731
0.373219
0.384181
0.398121
0.360305
0.387328
0.349532
0.376171
0.385763
0.351436
0.350939
0.398326
0.351533
0.376126
0.35172
0.355616
0.367556
0.36675
0.379776
0.395569
0.351069
0.354207
0.383818
0.37246
0.369004
0.349378
0.366548
0.371575
0.352311
0.350337
0.352521
0.366148
0.351242
0.394571
0.383434
0.371962
0.36497
0.349666
0.353301
0.372175
0.377006
0.352708
0.375373
0.379044
0.351938
0.367845
0.376914
0.382613
0.373652
0.368954
0.39011
0.385106
0.435322
0.351009
0.352234
0.371135
0.382064
0.374391
0.353416
0.352712
0.352158
0.387602
0.372093
0.356325
0.357765
0.350255
0.363974
0.365491
0.379794
0.351358
0.377047
0.355205
0.385363
0.350919
0.355403
0.365692
0.359951
0.35173
0.368747
0.38886
0.357293
0.372778
0.353457
0.384941
0.371721
0.351693
0.353117
0.391728
0.363324
0.34412
0.392711
0.35054
0.392752
0.371091
0.356189
0.353228
0.351671
0.348024
0.355709
0.37126
0.351333
0.35051
0.359598
0.377308
0.368918
0.346283
0.364709
0.372713
0.372826
0.346739
0.35256
0.370842
0.348401
0.350313
0.355985
0.351901
0.37244
0.375661
0.361991
0.378471
0.37226
0.36071
0.351376
0.381303
0.3513
0.379001
0.354729
0.384568
0.403381
0.350551
0.392253
0.401222
0.388608
0.350815
0.38491
0.380696
0.37227
0.375225
0.354097
0.38387
0.35803
0.351417
0.382217
0.371766
0.412716
0.376604
0.42255
0.363073
0.377047
0.351526
0.37015
0.382915
0.352171
0.366725
0.398412
0.382886
0.347871
0.387097
0.375611
0.367464
0.350348
0.354608
0.383375
0.3509
0.384344
0.368353
0.365188
0.374416
0.350739
0.353748
0.35509
0.350202
0.351055
0.375274
0.367984
0.347908
0.360043
0.363582
0.373014
0.353644
0.378484
0.350054
0.383481
0.347232
0.343717
0.379155
0.371336
0.351296
0.379915
0.380394
0.367796
0.368034
0.399662
0.392247
0.348951
0.348428
0.360631
0.349388
0.381997
0.345988
0.37622
0.354732
0.385672
0.411427
0.400365
0.374287
0.385605
0.353961
0.370573
0.381531
0.363709
0.348604
0.373422
0.375072
0.380181
0.376118
0.351729
0.391316
0.356957
0.375832
0.374186
0.352978
0.35109
0.350361
0.395587
0.378373
0.375183
0.377409
0.3498
0.35232
0.398753
0.348062
0.373005
0.418441
0.368728
0.345796
0.382362
0.36589
0.365714
0.374341
0.426533
0.35167
0.378891
0.34824
0.385878
0.350514
0.367521
0.351464
0.365717
0.406756
0.345717
0.369421
0.377266
0.347791
0.383794
0.368987
0.379829
0.358428
0.356431
0.368156
0.400722
0.364678
0.343394
0.347544
0.419513
0.391328
0.348143
0.384215
0.392483
0.381737
0.384626
0.349189
0.354182
0.36071
0.378189
0.351916
0.354573
0.378564
0.350051
0.380437
0.395438
0.370098
0.348463
0.378572
0.348504
0.37797
0.348562
0.346749
0.392022
0.398299
0.370911
0.406804
0.37742
0.360094
0.350556
0.384526
0.361376
0.359022
0.349996
0.351592
0.399501
0.396056
0.386711
0.412034
0.368651
0.35422
0.382397
0.43997
0.380753
0.373155
0.389473
0.379707
0.389076
0.369009
0.351946
0.372746
0.359072
0.377122
0.353419
0.407161
0.362471
0.350714
0.412228
0.399672
0.38173
0.349973
0.351676
0.377266
0.36292
0.34715
0.375408
0.386302
0.374354
0.348067
0.366289
0.381652
0.38245
0.349027
0.430927
0.355711
0.373911
0.350256
0.375934
0.375432
0.349236
0.377544
0.354377
0.351097
0.350504
0.366742
0.355023
0.405326
0.366583
0.351246
0.421387
0.376246
0.369875
0.375288
0.384042
0.350164
0.38062
0.351935
0.398928
0.384218
0.363789
0.372507
0.361042
0.34965
0.358639
0.363714
0.393418
0.365112
0.350123
0.351573
0.385942
0.354455
0.363891
0.376538
0.373206
0.370647
0.346946
0.375726
0.384233
0.364492
0.351119
0.355547
0.352764
0.350743
0.348806
0.38589
0.35377
0.350801
0.37892
0.388958
0.411054
0.348788
0.348824
0.3939
0.379122
0.369639
0.349433
0.348336
0.368389
0.364364
0.350836
0.376972
0.352566
0.350083
0.351204
0.387811
0.389348
0.36133
0.348501
0.353242
0.388248
0.404325
0.393708
0.393649
0.378186
0.380498
0.351017
0.35081
0.350969
0.35323
0.351419
0.370146
0.37024
0.371611
0.350504
0.368176
0.347891
0.348967
0.348345
0.353892
0.348328
0.389403
0.349459
0.36679
0.371025
0.346602
0.34556
0.351252
0.385495
0.358993
0.377779
0.351293
0.38381
0.345438
0.402745
0.369993
0.372463
0.348713
0.34771
0.35358
0.37563
0.367831
0.349859
0.370826
0.377269
0.347123
0.374816
0.351216
0.366665
0.400847
0.403984
0.433704
0.366024
0.388315
0.351488
0.411574
0.36551
0.374824
0.350026
0.406252
0.366089
0.373155
0.377096
0.37002
0.383052
0.362591
0.368792
0.385384
0.387492
0.361512
0.383767
0.412409
0.363168
0.36075
0.387465
0.350383
0.365983
0.38251
0.372861
0.349563
0.364705
0.365786
0.351308
0.358362
0.362518
0.382177
0.390637
0.36128
0.392967
0.349665
0.353845
0.389796
0.349656
0.3862
0.375507
0.350523
0.351344
0.386493
0.354181
0.358419
0.373997
0.382518
0.355051
0.35471
0.354375
0.346058
0.376536
0.40339
0.373097
0.386064
0.375867
0.359992
0.354301
0.407024
0.373467
0.413639
0.370371
0.364313
0.387212
0.351146
0.347353
0.36483
0.392882
0.395026
0.351559
0.354148
0.367524
0.376548
0.370807
0.381724
0.382271
0.379092
0.38092
0.373689
0.351889
0.38517
0.352243
0.357458
0.388625
0.367113
0.34921
0.367433
0.374909
0.367955
0.34952
0.37731
0.351698
0.361812
0.350668
0.399287
0.370971
0.350407
0.349196
0.370478
0.395395
0.350058
0.349203
0.373901
0.381929
0.362385
0.364848
0.433834
0.376428
0.396865
0.349827
0.386711
0.363099
0.39093
0.390078
0.400711
0.39434
0.387948
0.35303
0.397696
0.370058
0.376977
0.387762
0.377503
0.407891
0.350438
0.354778
0.395294
0.373009
0.350791
0.362585
0.372533
0.371606
0.36642
0.370642
0.36465
0.38102
0.375001
0.351201
0.383289
0.378897
0.370733
0.365674
0.395362
0.414963
0.354313
0.396396
0.375165
0.364449
0.350301
0.418033
0.352704
0.375027
0.358886
0.365526
0.382323
0.349593
0.373067
0.371995
0.39631
0.372093
0.382046
0.370224
0.350017
0.349039
0.368162
0.358106
0.372208
0.350191
0.352295
0.409115
0.351627
0.365991
0.349458
0.37703
0.371203
0.393614
0.369103
0.376848
0.381844
0.348
0.35148
0.362703
0.368173
0.349002
0.368344
0.374455
0.350151
0.36271
0.386714
0.372646
0.379083
0.349897
0.383221
0.356788
0.346174
0.351313
0.351476
0.364211
0.351604
0.382043
0.377061
0.352009
0.378522
0.370579
0.373768
0.351569
0.389288
0.350003
0.398628
0.404766
0.370683
0.352133
0.378049
0.34855
0.34989
0.349199
0.352664
0.352146
0.381569
0.361505
0.387199
0.390533
0.380151
0.373363
0.354112
0.377788
0.380706
0.350508
0.379657
0.36663
0.378097
0.369806
0.366682
0.357934
0.381655
0.350103
0.362432
0.363013
0.372454
0.36714
0.3685
0.348824
0.357027
0.384646
0.407978
0.35392
0.375611
0.373926
0.398046
0.343625
0.358982
0.354908
0.406078
0.385709
0.348718
0.379663
0.401153
0.365598
0.362125
0.407368
0.381718
0.365669
0.35147
0.374467
0.377731
0.386064
0.367681
0.376553
0.35302
0.348155
0.348524
0.378636
0.383368
0.35039
0.372455
0.387953
0.381503
0.350992
0.365443
0.361335
0.351506
0.362193
0.351327
0.349692
0.370577
0.374063
0.368768
0.354674
0.365605
0.35108
0.375504
0.384439
0.350125
0.38257
0.390143
0.376422
0.369092
0.350659
0.351921
0.383637
0.349818
0.350196
0.38736
0.357428
0.352986
0.384748
0.367228
0.387435
0.384802
0.351286
0.352255
0.378459
0.348878
0.350891
0.388128
0.386256
0.38432
0.366722
0.370428
0.355855
0.373401
0.376048
0.385399
0.364235
0.340971
0.363214
0.352101
0.367364
0.402812
0.365014
0.369488
0.378186
0.381759
0.372475
0.373447
0.355227
0.350059
0.344179
0.352575
0.353108
0.367581
0.34944
0.352751
0.384293
0.376414
0.366512
0.373786
0.351948
0.345976
0.3716
0.354211
0.362263
0.364365
0.362515
0.349969
0.381186
0.368417
0.38355
0.355977
0.369476
0.344617
0.370428
0.366399
0.379144
0.345287
0.346765
0.351496
0.35325
0.356923
0.392752
0.351617
0.371965
0.337271
0.383996
0.395692
0.352753
0.34425
0.346198
0.392698
0.351268
0.348065
0.348871
0.385989
0.367356
0.359096
0.367096
0.352239
0.401556
0.381922
0.343447
0.352521
0.367293
0.34222
0.353127
0.350564
0.35151
0.349177
0.341429
0.34917
0.350655
0.374831
0.382488
0.398596
0.351357
0.353691
0.368161
0.376026
0.378992
0.360334
0.348044
0.351344
0.385528
0.377274
0.366273
0.350752
0.379737
0.368026
0.349542
0.376609
0.377248
0.339877
0.357464
0.367631
0.412903
0.383072
0.379695
0.350219
0.404996
0.350516
0.374118
0.348352
0.353436
0.363602
0.364037
0.351582
0.356427
0.377103
0.349822
0.381213
0.35697
0.346767
0.346617
0.360323
0.352708
0.347008
0.340824
0.351407
0.355006
0.374694
0.34555
0.35341
0.352502
0.373494
0.378527
0.351193
0.37866
0.373975
0.348185
0.368183
0.405578
0.377264
0.345725
0.382292
0.384634
0.373903
0.346668
0.373071
0.369343
0.384573
0.33981
0.382475
0.353629
0.354409
0.357899
0.350922
0.380254
0.354994
0.348624
0.351145
0.353653
0.349749
0.348516
0.351769
0.38485
0.365697
0.375074
0.365836
0.357567
0.348545
0.344486
0.352553
0.365563
0.349581
0.34834
0.403081
0.354114
0.394563
0.37229
0.350263
0.367274
0.350275
0.375455
0.38253
0.371035
0.374448
0.370621
0.365296
0.375706
0.348237
0.363296
0.350117
0.349014
0.368549
0.34625
0.350093
0.355208
0.378722
0.369094
0.37901
0.353876
0.368769
0.361225
0.441639
0.382222
0.372525
0.365986
0.350398
0.384015
0.350602
0.36686
0.348182
0.354146
0.410723
0.346019
0.353384
0.390619
0.371115
0.350791
0.363973
0.384339
0.349606
0.35093
0.391916
0.353235
0.386129
0.395852
0.348944
0.404959
0.372542
0.347568
0.385629
0.357029
0.36735
0.398523
0.367902
0.378956
0.372376
0.350929
0.365283
0.351596
0.372231
0.348041
0.348321
0.402403
0.33765
0.369945
0.404218
0.387075
0.340761
0.352527
0.413084
0.398161
0.344703
0.38083
0.352378
0.351742
0.361218
0.352067
0.354535
0.351246
0.342703
0.368208
0.37221
0.385053
0.376105
0.349514
0.412648
0.34839
0.360813
0.363882
0.356965
0.369513
0.355708
0.351159
0.421875
0.373712
0.360206
0.367583
0.392078
0.369418
0.38432
0.368032
0.391215
0.366553
0.365827
0.373503
0.381312
0.375555
0.348379
0.406096
0.348497
0.358918
0.346257
0.368718
0.371873
0.35476
0.368405
0.380248
0.390597
0.358646
0.348982
0.348317
0.36372
0.379732
0.370277
0.353267
0.350357
0.374936
0.365825
0.350505
0.369032
0.346185
0.348449
0.381087
0.366354
0.344638
0.348362
0.370543
0.364521
0.360385
0.358433
0.375806
0.393914
0.371946
0.387276
0.34886
0.354401
0.374027
0.358265
0.366983
0.385431
0.369155
0.352031
0.375997
0.351674
0.352716
0.367068
0.365238
0.358071
0.373811
0.423868
0.350472
0.378311
0.361493
0.354962
0.354931
0.384665
0.342622
0.399817
0.416219
0.382701
0.350365
0.37294
0.382183
0.382284
0.349067
0.37076
0.38849
0.347814
0.343687
0.350165
0.365688
0.340012
0.337294
0.381813
0.353818
0.344173
0.348793
0.380478
0.378081
0.379833
0.344608
0.377376
0.355197
0.350251
0.343941
0.421364
0.387501
0.34794
0.388512
0.351462
0.425051
0.413563
0.409984
0.377645
0.349152
0.349018
0.348263
0.349075
0.350173
0.344524
0.373121
0.350741
0.367114
0.373784
0.346454
0.351333
0.387235
0.353122
0.402234
0.35021
0.358603
0.366569
0.348498
0.353761
0.354583
0.369449
0.365793
0.346441
0.376368
0.369271
0.360517
0.369755
0.358549
0.34182
0.345167
0.348825
0.356853
0.3514
0.374869
0.355099
0.369028
0.367801
0.345527
0.353626
0.352888
0.350249
0.367871
0.376461
0.353113
0.347831
0.335397
0.365553
0.353252
0.371127
0.335774
0.388761
0.353818
0.342052
0.361942
0.374517
0.379097
0.381973
0.367887
0.375791
0.37108
0.361081
0.380905
0.34886
0.37855
0.350045
0.357615
0.371915
0.352437
0.396103
0.367162
0.377633
0.382308
0.370398
0.365507
0.386812
0.357107
0.350138
0.371142
0.372538
0.364814
0.362193
0.366595
0.357667
0.397435
0.366336
0.350668
0.3838
0.38638
0.344341
0.354647
0.385239
0.40488
0.342901
0.378133
0.36768
0.383865
0.341926
0.344365
0.387389
0.362617
0.339704
0.368121
0.390321
0.36216
0.343439
0.35015
0.428642
0.378979
0.367522
0.389674
0.350119
0.405346
0.342104
0.389099
0.37224
0.364206
0.34959
0.348461
0.37688
0.344577
0.364292
0.387487
0.413986
0.344894
0.339404
0.363622
0.374983
0.349041
0.347871
0.344899
0.377478
0.365765
0.351909
0.366166
0.37025
0.361963
0.376427
0.366819
0.400679
0.365331
0.347925
0.351753
0.387869
0.388166
0.338125
0.364888
0.399408
0.367926
0.382749
0.390434
0.39423
0.367454
0.411196
0.365334
0.391758
0.379178
0.374879
0.354161
0.371864
0.348599
0.389789
0.352583
0.351001
0.366267
0.370785
0.379789
0.365158
0.377877
0.350826
0.413982
0.344295
0.363556
0.350902
0.354082
0.365769
0.375497
0.350923
0.352005
0.350551
0.368043
0.362592
0.406453
0.378436
0.359356
0.392737
0.353876
0.373094
0.346807
0.374393
0.388351
0.372394
0.384567
0.351091
0.374479
0.367091
0.348025
0.381829
0.411449
0.354085
0.352439
0.352548
0.358218
0.346731
0.38033
0.349108
0.366281
0.381115
0.346945
0.352726
0.399206
0.350575
0.344735
0.354399
0.371269
0.377214
0.366276
0.382702
0.367676
0.343175
0.382139
0.352591
0.381044
0.377583
0.367644
0.352238
0.375253
0.349248
0.34774
0.348267
0.35193
0.348452
0.373703
0.370679
0.3839
0.367797
0.344306
0.349514
0.373965
0.344925
0.34525
0.367642
0.3585
0.380688
0.368115
0.362101
0.405321
0.374696
0.359404
0.350199
0.374118
0.353121
0.346864
0.377271
0.381535
0.347485
0.390381
0.379546
0.373264
0.394853
0.381724
0.393756
0.368938
0.349565
0.347128
0.383544
0.373313
0.363621
0.352237
0.352768
0.397257
0.36577
0.352138
0.365234
0.350459
0.345443
0.414638
0.393287
0.368749
0.360476
0.376157
0.37484
0.378876
0.340627
0.368458
0.349309
0.349588
0.337466
0.355101
0.367439
0.350612
0.347767
0.364094
0.370709
0.349822
0.344443
0.357228
0.405431
0.372048
0.378485
0.35012
0.379629
0.373984
0.340979
0.353876
0.364953
0.376769
0.342886
0.379381
0.350788
0.373735
0.38853
0.351778
0.352775
0.370598
0.370191
0.381502
0.350384
0.350852
0.369032
0.373359
0.349755
0.351773
0.338067
0.353147
0.378274
0.350058
0.336488
0.382753
0.37616
0.361875
0.338429
0.359796
0.369866
0.347394
0.373823
0.345495
0.378632
0.362015
0.367737
0.365519
0.352073
0.363404
0.345998
0.349786
0.353064
0.367224
0.36565
0.370156
0.374428
0.371772
0.369794
0.389596
0.351426
0.373809
0.348658
0.35219
0.354354
0.40067
0.352195
0.391891
0.367758
0.373646
0.342333
0.354123
0.352939
0.350645
0.365208
0.349755
0.384436
0.382297
0.339923
0.372379
0.376109
0.375058
0.361018
0.3512
0.426718
0.376326
0.368257
0.372095
0.401382
0.353406
0.339175
0.347197
0.353109
0.376731
0.371964
0.361573
0.357045
0.394059
0.358408
0.395649
0.423049
0.33818
0.35739
0.364008
0.375071
0.341277
0.376028
0.355782
0.371294
0.339434
0.341111
0.365995
0.38805
0.359348
0.418234
0.354258
0.400864
0.337921
0.348513
0.345905
0.396533
0.341933
0.375114
0.346079
0.387813
0.347733
0.388519
0.381761
0.367122
0.342765
0.367844
0.387912
0.350341
0.372625
0.391973
0.35158
0.378735
0.344919
0.345723
0.374607
0.348804
0.338694
0.370486
0.375986
0.38796
0.355533
0.349342
0.353147
0.353405
0.372325
0.378272
0.382609
0.380313
0.341192
0.387434
0.354214
0.351631
0.38152
0.35216
0.394527
0.382967
0.380397
0.35329
0.401776
0.353504
0.355993
0.360586
0.376071
0.351191
0.370201
0.353256
0.352416
0.385956
0.346117
0.355767
0.387802
0.367281
0.365098
0.355587
0.387757
0.346381
0.348078
0.395582
0.39085
0.401411
0.359329
0.358377
0.359019
0.361812
0.349114
0.357496
0.358297
0.359652
0.366954
0.379141
0.396807
0.346664
0.351492
0.380747
0.40395
0.34765
0.39516
0.350529
0.407274
0.34881
0.351698
0.352004
0.373402
0.347776
0.405551
0.372358
0.374698
0.381563
0.352995
0.413904
0.366593
0.367074
0.352356
0.375745
0.380815
0.374795
0.397972
0.37044
0.349696
0.36965
0.387391
0.383067
0.350012
0.350558
0.389208
0.354493
0.349415
0.350424
0.398385
0.383433
0.372416
0.362046
0.362725
0.371698
0.348839
0.354276
0.374696
0.410102
0.379303
0.409487
0.349241
0.36502
0.347427
0.390969
0.349124
0.382942
0.365234
0.364977
0.373689
0.351834
0.344675
0.391792
0.388354
0.365488
0.381133
0.354081
0.396747
0.350333
0.372238
0.352627
0.419939
0.3761
0.364558
0.352779
0.379825
0.364656
0.355533
0.365226
0.360724
0.36208
0.350685
0.37893
0.3648
0.38259
0.351078
0.391993
0.352135
0.349889
0.360587
0.367296
0.359784
0.381479
0.364233
0.353537
0.38552
0.366547
0.351408
0.36755
0.379954
0.352621
0.368057
0.367274
0.351494
0.363777
0.351674
0.353086
0.365853
0.356397
0.380818
0.362946
0.423229
0.357608
0.371523
0.366023
0.367619
0.377926
0.39807
0.367991
0.365116
0.356199
0.349287
0.34969
0.362733
0.340409
0.346568
0.352796
0.421891
0.37519
0.349053
0.360613
0.386675
0.341198
0.386127
0.399622
0.351683
0.348169
0.353528
0.417448
0.381805
0.343621
0.359227
0.383994
0.355534
0.349104
0.387201
0.354745
0.350741
0.346226
0.429119
0.356039
0.351572
0.350152
0.383585
0.379813
0.388119
0.357504
0.383772
0.402674
0.388412
0.374829
0.465648
0.422725
0.347644
0.353876
0.396894
0.37856
0.350411
0.365242
0.384664
0.379413
0.347381
0.376533
0.382976
0.372066
0.348982
0.352746
0.418718
0.348045
0.350894
0.366472
0.421454
0.34986
0.36201
0.36971
0.373554
0.367011
0.349957
0.378308
0.378765
0.3687
0.353039
0.383765
0.392301
0.34886
0.353817
0.352043
0.382756
0.348533
0.374099
0.370421
0.409085
0.356292
0.366901
0.353862
0.362271
0.333127
0.348621
0.362432
0.383985
0.348356
0.367753
0.356111
0.362429
0.342707
0.428287
0.369332
0.364447
0.366015
0.382633
0.368832
0.361857
0.359545
0.43381
0.352922
0.353282
0.39965
0.375175
0.362255
0.360053
0.353932
0.378506
0.354267
0.370093
0.349809
0.395685
0.353058
0.3485
0.349922
0.389263
0.416199
0.362635
0.391163
0.368163
0.372091
0.383514
0.374035
0.392624
0.354312
0.352327
0.352071
0.35286
0.379101
0.380122
0.370795
0.352787
0.369066
0.365961
0.398302
0.366507
0.352403
0.370161
0.368255
0.357248
0.376119
0.370547
0.36638
0.37521
0.361698
0.344529
0.384295
0.372021
0.388891
0.347837
0.353027
0.369642
0.390426
0.351987
0.372201
0.356377
0.372054
0.362713
0.362282
0.378418
0.365191
0.381562
0.354387
0.379698
0.349861
0.362885
0.359335
0.401413
0.361528
0.348218
0.374293
0.363978
0.360225
0.359172
0.394178
0.350741
0.384843
0.371095
0.35319
0.376278
0.366416
0.349375
0.353496
0.370188
0.398602
0.370467
0.368148
0.376995
0.382351
0.380616
0.382304
0.355882
0.34445
0.346154
0.375983
0.353945
0.352316
0.367361
0.363664
0.370064
0.360218
0.346799
0.353232
0.398142
0.381096
0.346777
0.352195
0.37109
0.379636
0.346965
0.393036
0.362274
0.379023
0.363704
0.386895
0.354949
0.355188
0.345376
0.359307
0.373559
0.368865
0.346972
0.389308
0.380092
0.361143
0.371006
0.365387
0.371403
0.36152
0.346081
0.389006
0.368365
0.362407
0.365749
0.384109
0.401472
0.376823
0.375415
0.351984
0.390251
0.358672
0.389236
0.392292
0.388969
0.339216
0.349227
0.377841
0.351876
0.341149
0.390637
0.350037
0.373154
0.346925
0.346698
0.350354
0.352318
0.359799
0.385968
0.402971
0.373646
0.372017
0.371351
0.383342
0.350546
0.336713
0.348706
0.350883
0.351731
0.36834
0.347867
0.348512
0.351337
0.362821
0.341816
0.381284
0.353441
0.385585
0.351048
0.369092
0.358554
0.348349
0.350216
0.382612
0.351411
0.348254
0.351675
0.352686
0.379463
0.3617
0.372812
0.361095
0.386386
0.349993
0.349832
0.367796
0.374142
0.384211
0.360753
0.364192
0.368686
0.357244
0.385329
0.365208
0.360907
0.379568
0.375665
0.372808
0.368892
0.355355
0.373817
0.366279
0.364994
0.381269
0.359489
0.384991
0.357646
0.346904
0.35196
0.381534
0.384275
0.377269
0.350445
0.346789
0.353698
0.34388
0.348524
0.427243
0.385672
0.348379
0.367812
0.356196
0.402427
0.370009
0.352624
0.39837
0.383891
0.367442
0.353555
0.400592
0.352679
0.34805
0.362317
0.382123
0.377143
0.381861
0.369091
0.396946
0.384796
0.383468
0.377622
0.411506
0.37416
0.345012
0.381795
0.405368
0.372049
0.35079
0.379633
0.401442
0.358741
0.385476
0.36541
0.394655
0.360911
0.371328
0.373234
0.36921
0.335435
0.347604
0.374659
0.405328
0.349245
0.354222
0.363879
0.353211
0.358849
0.346971
0.377759
0.37128
0.341069
0.379154
0.37543
0.368176
0.375101
0.369304
0.386742
0.35192
0.36843
0.346151
0.352049
0.372322
0.350355
0.380806
0.346974
0.428237
0.342666
0.378218
0.34899
0.352963
0.352647
0.349491
0.372781
0.366265
0.346811
0.372542
0.352601
0.35476
0.337457
0.346027
0.38137
0.374585
0.355683
0.393057
0.345525
0.378224
0.355991
0.340734
0.364682
0.385334
0.359915
0.395794
0.351131
0.388201
0.341525
0.368032
0.367973
0.374797
0.342012
0.372465
0.358332
0.39246
0.338055
0.359349
0.358223
0.380568
0.362809
0.340933
0.370111
0.352998
0.35175
0.340951
0.34928
0.377011
0.372168
0.357657
0.388864
0.382329
0.344029
0.350514
0.385042
0.367711
0.345236
0.36573
0.398334
0.372459
0.3724
0.348494
0.353433
0.372019
0.338405
0.400192
0.345967
0.357285
0.370639
0.342632
0.37818
0.386002
0.360429
0.344403
0.382266
0.352251
0.349278
0.347751
0.346973
0.378801
0.393466
0.365696
0.367381
0.374436
0.365575
0.379571
0.377595
0.370133
0.342872
0.341796
0.351252
0.353777
0.347241
0.381677
0.366238
0.355018
0.362543
0.38638
0.351999
0.354069
0.369836
0.348437
0.377787
0.397112
0.363025
0.350288
0.384903
0.387488
0.352695
0.39643
0.367269
0.354902
0.354518
0.347932
0.382608
0.436024
0.359627
0.365702
0.419759
0.364563
0.385295
0.373987
0.381253
0.35084
0.348949
0.354973
0.373479
0.364139
0.344402
0.352277
0.351741
0.371668
0.340017
0.403401
0.374405
0.347653
0.331423
0.38459
0.419524
0.393872
0.378118
0.352035
0.371793
0.369531
0.360088
0.422736
0.394073
0.38268
0.343822
0.360995
0.380391
0.346093
0.358461
0.375254
0.389491
0.387632
0.343444
0.375075
0.368325
0.342457
0.366255
0.369099
0.382519
0.343031
0.350178
0.37294
0.359372
0.348193
0.367533
0.392735
0.381394
0.379413
0.343563
0.349288
0.371928
0.36529
0.35923
0.353538
0.352764
0.383114
0.340865
0.3494
0.375805
0.365294
0.356123
0.348485
0.360474
0.38073
0.336825
0.388619
0.377514
0.391981
0.334458
0.382712
0.355548
0.382224
0.347174
0.353775
0.360553
0.384443
0.343535
0.364054
0.379376
0.365592
0.378486
0.384287
0.374348
0.348957
0.335643
0.370273
0.377678
0.36583
0.357985
0.351356
0.37717
0.353489
0.36297
0.351628
0.382873
0.391443
0.36942
0.370909
0.353112
0.371351
0.381912
0.384867
0.366923
0.3503
0.377459
0.352903
0.361802
0.389551
0.358466
0.346271
0.41132
0.3722
0.365979
0.385079
0.358466
0.346599
0.359087
0.37417
0.360706
0.355575
0.344261
0.379711
0.393691
0.341163
0.349281
0.392031
0.362875
0.371773
0.356586
0.360025
0.361713
0.372947
0.348708
0.350642
0.353411
0.346788
0.363932
0.387633
0.391465
0.354523
0.381445
0.394602
0.378077
0.364699
0.391084
0.366103
0.378472
0.344826
0.350612
0.380391
0.389376
0.400874
0.360094
0.405156
0.367361
0.37047
0.347031
0.348996
0.352703
0.365473
0.373307
0.352184
0.37094
0.344957
0.372386
0.366005
0.366248
0.341829
0.370908
0.381633
0.361372
0.365073
0.34994
0.383647
0.404219
0.366502
0.35028
0.356683
0.37004
0.382312
0.348951
0.377829
0.370143
0.33618
0.37845
0.366983
0.353911
0.34286
0.34701
0.346843
0.360887
0.37104
0.376601
0.349034
0.352481
0.344782
0.385558
0.350651
0.371964
0.3664
0.387919
0.38245
0.398989
0.340326
0.341044
0.377327
0.402692
0.37267
0.361998
0.372632
0.409937
0.342723
0.382721
0.372312
0.391735
0.379891
0.350502
0.348926
0.359156
0.340822
0.36709
0.366131
0.366303
0.340286
0.412173
0.366962
0.408589
0.373456
0.388031
0.372895
0.416291
0.342983
0.364953
0.371815
0.349851
0.370625
0.372364
0.384753
0.376756
0.338608
0.35021
0.351609
0.367763
0.364434
0.359877
0.419088
0.379622
0.352647
0.376757
0.426198
0.360834
0.340533
0.369322
0.353935
0.361084
0.356907
0.389855
0.388449
0.383485
0.367834
0.35628
0.381476
0.371867
0.355524
0.385984
0.401191
0.350416
0.364213
0.378131
0.376833
0.364377
0.36897
0.382677
0.356092
0.354285
0.337315
0.348354
0.369367
0.354832
0.341106
0.39084
0.380378
0.390584
0.378238
0.414403
0.386119
0.343309
0.341283
0.451818
0.398475
0.372919
0.351462
0.389672
0.368858
0.338408
0.345288
0.385222
0.371939
0.336132
0.347285
0.350058
0.353092
0.370973
0.374313
0.381636
0.418307
0.346231
0.36731
0.354703
0.393228
0.347403
0.370192
0.351896
0.367254
0.343084
0.373575
0.352347
0.352074
0.367174
0.349131
0.370977
0.353242
0.336896
0.337543
0.351665
0.359233
0.376343
0.364339
0.350876
0.360846
0.376582
0.343104
0.425754
0.359651
0.349526
0.3946
0.353138
0.355201
0.373633
0.389554
0.366065
0.372801
0.35903
0.34818
0.392606
0.374952
0.349268
0.345349
0.348457
0.354485
0.367586
0.345447
0.375154
0.392675
0.358439
0.346779
0.378035
0.375557
0.347941
0.378357
0.380375
0.355455
0.354273
0.370832
0.350883
0.356852
0.362784
0.386222
0.371411
0.36768
0.341719
0.338699
0.374615
0.353654
0.342606
0.368845
0.359952
0.35248
0.382259
0.347866
0.354294
0.376787
0.389394
0.341694
0.408227
0.409389
0.363071
0.350736
0.398911
0.359118
0.374815
0.351306
0.351553
0.377966
0.367563
0.372492
0.370088
0.353014
0.373699
0.341451
0.370247
0.353777
0.361376
0.34772
0.375379
0.375762
0.350754
0.344846
0.366337
0.399901
0.341978
0.368473
0.360287
0.432754
0.361549
0.348457
0.404382
0.407304
0.337452
0.345169
0.365144
0.365823
0.341723
0.347851
0.363734
0.386805
0.363458
0.383986
0.354473
0.358868
0.374208
0.350648
0.374602
0.381691
0.364297
0.379968
0.354282
0.385752
0.359006
0.387135
0.372083
0.37267
0.3827
0.35321
0.354378
0.363089
0.36778
0.352134
0.386874
0.378043
0.347718
0.388761
0.378689
0.373322
0.368112
0.412515
0.377994
0.381163
0.351404
0.376626
0.35618
0.363515
0.348097
0.352718
0.368134
0.383958
0.347523
0.351772
0.371436
0.374706
0.372958
0.363423
0.380501
0.368896
0.349217
0.35569
0.392596
0.397736
0.359558
0.375296
0.353031
0.348788
0.381449
0.351331
0.350049
0.36168
0.34397
0.377576
0.38076
0.361745
0.347284
0.353835
0.366963
0.428045
0.347995
0.420538
0.404453
0.378213
0.397201
0.404113
0.388607
0.366468
0.415968
0.368091
0.391664
0.374644
0.351915
0.3517
0.352926
0.371658
0.352816
0.348477
0.369585
0.37363
0.361797
0.370188
0.355957
0.349627
0.386987
0.368422
0.353427
0.347135
0.386976
0.36602
0.35176
0.368276
0.350498
0.352451
0.402111
0.364193
0.35144
0.373161
0.370054
0.374803
0.364823
0.351327
0.370055
0.361654
0.410352
0.352136
0.363582
0.373567
0.349077
0.360561
0.368945
0.352399
0.350809
0.374781
0.374592
0.358713
0.428791
0.378189
0.374506
0.372885
0.42022
0.395576
0.379571
0.34596
0.433105
0.401224
0.361353
0.37404
0.37145
0.387952
0.346812
0.345123
0.392422
0.368661
0.380349
0.38247
0.3521
0.392236
0.369864
0.423844
0.399015
0.381489
0.373468
0.381691
0.373325
0.373577
0.362569
0.382786
0.379723
0.424895
0.382636
0.349764
0.396457
0.382167
0.344731
0.367112
0.416323
0.392841
0.384974
0.372039
0.400283
0.376823
0.369707
0.379926
0.371699
0.345286
0.348855
0.382011
0.380419
0.368142
0.392496
0.402061
0.36109
0.356082
0.35045
0.375386
0.352555
0.362858
0.347266
0.35409
0.369557
0.36249
0.348374
0.352383
0.39386
0.345708
0.40009
0.352013
0.373449
0.349842
0.380659
0.380359
0.376857
0.35222
0.384802
0.351332
0.417836
0.381451
0.353005
0.412659
0.38008
0.34927
0.371351
0.374923
0.352456
0.37271
0.412654
0.366262
0.358666
0.361599
0.397146
0.353993
0.402518
0.361858
0.395627
0.354106
0.353862
0.362622
0.353107
0.381212
0.350013
0.329482
0.347656
0.386519
0.369957
0.36503
0.351885
0.353458
0.375918
0.378944
0.398376
0.39502
0.353503
0.387872
0.393561
0.355638
0.36422
0.369964
0.400903
0.372242
0.385443
0.386998
0.360726
0.353262
0.381355
0.367466
0.411553
0.356606
0.358681
0.377369
0.36157
0.386004
0.349324
0.373256
0.374257
0.366834
0.348244
0.376599
0.378024
0.380493
0.353559
0.420935
0.385947
0.384018
0.366904
0.352847
0.387858
0.371032
0.368291
0.399149
0.362982
0.373669
0.348101
0.375869
0.394203
0.371735
0.348252
0.385962
0.373136
0.366396
0.380363
0.394511
0.364254
0.374649
0.350945
0.362479
0.354302
0.363969
0.364457
0.351636
0.372772
0.349942
0.350634
0.38111
0.37116
0.379295
0.350768
0.382391
0.379502
0.379186
0.353982
0.354248
0.356895
0.350704
0.350876
0.391786
0.3518
0.349066
0.421427
0.365628
0.359152
0.376402
0.376286
0.394909
0.394935
0.357043
0.352918
0.37362
0.369992
0.37698
0.404879
0.352005
0.388746
0.351034
0.406048
0.354805
0.391075
0.347206
0.350055
0.35308
0.385507
0.348345
0.373358
0.373994
0.352106
0.34922
0.351479
0.353706
0.349482
0.338856
0.348546
0.412489
0.381206
0.368768
0.387292
0.354297
0.38923
0.349012
0.367988
0.420032
0.374305
0.347793
0.351824
0.377933
0.381086
0.347936
0.353477
0.373503
0.388713
0.351267
0.374166
0.353955
0.370991
0.34917
0.370962
0.359082
0.364832
0.362185
0.372108
0.373046
0.398371
0.349424
0.354427
0.38337
0.349846
0.348032
0.353311
0.353908
0.372492
0.359223
0.426827
0.368868
0.363031
0.374948
0.41121
0.38147
0.349223
0.373548
0.382155
0.391899
0.371723
0.351593
0.35272
0.35278
0.369238
0.362436
0.364516
0.376908
0.34915
0.349834
0.354726
0.376262
0.381193
0.350416
0.394069
0.399798
0.364496
0.414823
0.39945
0.356681
0.373323
0.364526
0.351099
0.353435
0.382809
0.353412
0.374037
0.360217
0.349768
0.356716
0.350863
0.416376
0.347309
0.355618
0.37538
0.38236
0.367738
0.379236
0.351554
0.371101
0.35293
0.36646
0.351752
0.356413
0.336791
0.345316
0.359979
0.405223
0.342932
0.365061
0.367394
0.354111
0.364746
0.37219
0.388023
0.385436
0.34132
0.35392
0.385895
0.395416
0.366782
0.383942
0.385201
0.351122
0.372579
0.402139
0.369975
0.360111
0.342841
0.391163
0.373509
0.348851
0.396311
0.362011
0.346684
0.349315
0.361761
0.396818
0.353151
0.375137
0.338017
0.379577
0.348608
0.355308
0.34272
0.408549
0.353063
0.346742
0.33952
0.353234
0.352662
0.365555
0.335591
0.350311
0.365459
0.37759
0.37648
0.351544
0.365711
0.377195
0.35939
0.353366
0.352447
0.353287
0.347224
0.352017
0.34709
0.368194
0.36478
0.37503
0.380534
0.373428
0.352334
0.372314
0.348789
0.351343
0.331503
0.346864
0.37142
0.378828
0.372424
0.346528
0.380974
0.405589
0.344757
0.349137
0.376637
0.358648
0.34216
0.352181
0.380794
0.39238
0.340132
0.391382
0.41404
0.37393
0.336163
0.39934
0.365461
0.351514
0.360886
0.350167
0.349051
0.375914
0.334706
0.379738
0.376371
0.38272
0.342803
0.348668
0.350332
0.352561
0.341718
0.398348
0.348037
0.376524
0.369221
0.348477
0.351282
0.388751
0.358311
0.347315
0.35009
0.364289
0.333799
0.340187
0.354958
0.411414
0.343234
0.347254
0.379168
0.382038
0.357936
0.396346
0.377267
0.393706
0.348726
0.399247
0.430905
0.359982
0.341713
0.353437
0.384382
0.38445
0.348617
0.365863
0.367494
0.369101
0.337347
0.411095
0.363306
0.371141
0.345829
0.383705
0.388205
0.375351
0.377865
0.400673
0.35371
0.38095
0.376366
0.367431
0.353334
0.370233
0.348148
0.391822
0.376559
0.35662
0.364904
0.392208
0.394903
0.340241
0.362383
0.382836
0.389718
0.357365
0.342093
0.384953
0.405802
0.371559
0.356612
0.399839
0.366346
0.342295
0.364429
0.450137
0.399701
0.341217
0.393199
0.355045
0.355801
0.340398
0.387553
0.375013
0.351295
0.376526
0.379208
0.399519
0.385461
0.355956
0.351639
0.377433
0.388808
0.359512
0.354089
0.400058
0.35275
0.364948
0.380091
0.34928
0.357066
0.340742
0.354247
0.364628
0.384649
0.358437
0.362283
0.349703
0.372219
0.339328
0.397204
0.353178
0.368141
0.351504
0.367064
0.349713
0.348876
0.385518
0.379356
0.37626
0.352038
0.342458
0.351991
0.39392
0.350007
0.377707
0.383854
0.354598
0.355059
0.344542
0.355501
0.345601
0.354518
0.348891
0.399622
0.373029
0.386035
0.368463
0.374951
0.364044
0.386525
0.367366
0.388382
0.352779
0.362592
0.377799
0.36932
0.350218
0.3491
0.342782
0.371876
0.422207
0.386613
0.377991
0.366679
0.374436
0.353484
0.361327
0.351958
0.372543
0.385546
0.352981
0.363387
0.40365
0.374624
0.368774
0.378779
0.376715
0.370127
0.349672
0.394609
0.406863
0.349294
0.349657
0.39432
0.373702
0.370992
0.349277
0.416338
0.366926
0.364124
0.370961
0.362892
0.352965
0.346718
0.349953
0.362687
0.36953
0.368132
0.348653
0.373592
0.381633
0.34418
0.350343
0.354681
0.35408
0.347245
0.34814
0.356677
0.393235
0.362217
0.38568
0.349459
0.353558
0.382415
0.346471
0.404263
0.3761
0.363607
0.352125
0.384064
0.388434
0.362053
0.365476
0.366956
0.398288
0.346153
0.386173
0.393103
0.384032
0.349275
0.353893
0.349999
0.378942
0.351183
0.353833
0.385981
0.361292
0.365597
0.355849
0.376354
0.381748
0.368842
0.371707
0.353989
0.384495
0.382727
0.373779
0.400319
0.376097
0.345735
0.390814
0.389175
0.377661
0.368816
0.375401
0.409111
0.345283
0.351175
0.402632
0.354343
0.353351
0.358545
0.359241
0.377897
0.343825
0.348561
0.350594
0.386964
0.380596
0.349121
0.364614
0.353894
0.34973
0.356621
0.356678
0.389754
0.373247
0.346115
0.38866
0.404607
0.379818
0.416736
0.401721
0.389009
0.337031
0.369715
0.351083
0.364129
0.340959
0.346486
0.368128
0.353294
0.386773
0.349854
0.36857
0.395552
0.364092
0.352806
0.38025
0.385891
0.343592
0.347096
0.351426
0.354136
0.349003
0.344018
0.376703
0.353155
0.340072
0.34278
0.371155
0.352645
0.346113
0.340108
0.394607
0.38485
0.387283
0.402224
0.396237
0.38125
0.345861
0.385238
0.364458
0.393426
0.339413
0.35246
0.353874
0.370778
0.340596
0.363384
0.363552
0.36906
0.339838
0.345302
0.348285
0.37915
0.345228
0.35061
0.392202
0.398882
0.34658
0.342751
0.384628
0.371869
0.369301
0.342686
0.382938
0.376364
0.348384
0.369236
0.393002
0.374641
0.342445
0.358999
0.347793
0.360766
0.354234
0.367839
0.348412
0.384572
0.367288
0.342543
0.372762
0.397708
0.377279
0.366959
0.378071
0.379813
0.359698
0.364967
0.392011
0.38816
0.361143
0.377573
0.373414
0.393449
0.343458
0.41454
0.375412
0.359876
0.370037
0.349671
0.349494
0.363505
0.354666
0.378079
0.418087
0.394657
0.362036
0.351039
0.376404
0.363793
0.372561
0.37192
0.351409
0.357539
0.339954
0.35556
0.352786
0.374659
0.364815
0.41232
0.350473
0.359762
0.334414
0.349436
