0.856956
0.847271
0.800005
0.749854
0.770119
0.763232
0.721678
0.757902
0.725370
0.787835
0.772455
0.763010
0.747672
0.726383
0.777823
0.728033
0.725061
0.884273
0.855394
0.792889
0.770500
0.711539
0.733244
0.721063
0.755004
0.788775
0.724417
0.792960
0.772069
0.735926
0.766195
0.726965
0.757939
0.721258
0.818382
0.771969
0.729949
0.727829
0.777451
0.772607
0.758924
0.725503
0.740519
0.755248
0.765202
0.743348
0.749954
0.745701
0.759361
0.734096
0.746880
0.744225
0.794573
0.733365
0.735501
0.727017
0.719584
0.725094
0.783340
0.752670
0.774575
0.783802
0.729106
0.765943
0.779310
0.717925
0.728033
0.764210
0.794398
0.865196
0.726390
0.838077
0.727094
0.754022
0.800100
0.811176
0.814497
0.739296
0.733831
0.752594
0.748968
0.882825
0.756645
0.776550
0.765528
0.774777
0.763258
0.748254
0.758523
0.733560
0.782099
0.733010
0.771196
0.733804
0.723522
0.723394
0.784021
0.731237
0.765396
0.726071
0.804192
0.790763
0.735091
0.736609
0.808575
0.803716
0.790957
0.758235
0.737348
0.729951
0.774638
0.725440
0.749553
0.759480
0.730535
0.758106
0.765068
0.757561
0.777582
0.829535
0.784312
0.813160
0.787637
0.802778
0.754568
0.755906
0.808676
0.782467
0.754086
0.771130
0.740249
0.861188
0.764746
0.809904
0.760918
0.729962
0.743975
0.793272
0.747523
0.734313
0.727801
0.738203
0.777129
0.725080
0.772415
0.760476
0.729490
0.740223
0.725793
0.802568
0.766353
0.723077
0.735180
0.720650
0.770813
0.763001
0.774284
0.764842
0.758404
0.765327
0.762105
0.723787
0.775776
0.736147
0.755943
0.771397
0.799188
0.759285
0.745610
0.759759
0.725155
0.733162
0.758811
0.730486
0.788109
0.748219
0.731025
0.757335
0.786238
0.741487
0.799819
0.776317
0.848949
0.776153
0.775097
0.744224
0.736025
0.726989
0.748550
0.735857
0.737471
0.754412
0.740880
0.733419
0.754793
0.762283
0.736496
0.728335
0.727653
0.775612
0.774550
0.735498
0.752303
0.744781
0.751734
0.729152
0.760450
0.729978
0.757834
0.730865
0.746906
0.735316
0.731859
0.735144
0.755815
0.730414
0.743821
0.791774
0.731084
0.725359
0.726981
0.752334
0.738521
0.746683
0.749163
0.734278
0.738129
0.774548
0.744532
0.733922
0.760123
0.758989
0.798825
0.729774
0.753125
0.745953
0.856368
0.735397
0.738761
0.726387
0.731311
0.825271
0.721457
0.736639
0.726112
0.767884
0.782280
0.744767
0.786329
0.759821
0.744039
0.795162
0.757322
0.762089
0.786984
0.729329
0.760563
0.730684
0.737556
0.747571
0.735957
0.735803
0.747970
0.735813
0.728303
0.783639
0.795580
0.754807
0.735225
0.731880
0.758113
0.747302
0.750657
0.801464
0.728857
0.781059
0.791965
0.745241
0.769461
0.732377
0.757057
0.761088
0.727693
0.738128
0.744668
0.735214
0.784262
0.720437
0.731364
0.729521
0.737652
0.764150
0.761575
0.730219
0.774261
0.780464
0.747139
0.809191
0.793833
0.731880
0.733344
0.715384
0.728980
0.743444
0.806473
0.770653
0.789914
0.765262
0.763469
0.789759
0.762686
0.758122
0.780699
0.782497
0.771830
0.771651
0.824477
0.814744
0.821045
0.779562
0.770102
0.723385
0.734391
0.721489
0.731814
0.762204
0.752719
0.735180
0.723152
0.767572
0.726043
0.806475
0.833235
0.752378
0.815420
0.738194
0.726685
0.730082
0.740899
0.732098
0.724929
0.764329
0.748289
0.758034
0.735569
0.749311
0.766583
0.735486
0.764045
0.736200
0.733015
0.723590
0.746984
0.728163
0.751828
0.723559
0.766766
0.764667
0.841459
0.815201
0.766573
0.788777
0.762178
0.759783
0.782949
0.789780
0.737606
0.724995
0.781325
0.750704
0.788622
0.793876
0.797758
0.755291
0.757478
0.778493
0.792965
0.724193
0.738169
0.748309
0.728271
0.778273
0.834448
0.760687
0.729176
0.767447
0.827738
0.752233
0.738911
0.764937
0.733787
0.756402
0.740781
0.739100
0.734792
0.732302
0.771412
0.787456
0.737324
0.772588
0.762722
0.767764
0.785958
0.758463
0.770194
0.736335
0.753832
0.749818
0.738454
0.720799
0.737912
0.725280
0.753267
0.744366
0.761301
0.763234
0.764398
0.759981
0.781339
0.729691
0.751814
0.727131
0.762685
0.745072
0.723565
0.735069
0.729570
0.720257
0.788409
0.727580
0.762324
0.767422
0.719022
0.779734
0.722506
0.803842
0.791310
0.733313
0.737647
0.786230
0.787139
0.749828
0.778059
0.731624
0.770481
0.733562
0.719041
0.749693
0.737639
0.770870
0.737928
0.724057
0.782724
0.731300
0.773754
0.774092
0.721970
0.813761
0.752134
0.741165
0.779505
0.720275
0.730350
0.721157
0.719636
0.735955
0.722427
0.732842
0.735846
0.768525
0.737466
0.725384
0.760533
0.720772
0.752003
0.785220
0.764573
0.730445
0.725033
0.746157
0.767513
0.725877
0.782224
0.783638
0.805512
0.778577
0.802012
0.757180
0.747421
0.724936
0.749752
0.729977
0.792033
0.720211
0.745980
0.774976
0.724335
0.775218
0.770383
0.727743
0.762380
0.784427
0.755688
0.731870
0.732042
0.792430
0.732782
0.747270
0.743756
0.784737
0.748777
0.767968
0.739443
0.731562
0.739040
0.783767
0.785487
0.792288
0.726743
0.733592
0.780097
0.739756
0.732331
0.767477
0.734472
0.808375
0.764864
0.800519
0.769403
0.798449
0.744513
0.760280
0.753501
0.760322
0.736982
0.751788
0.727183
0.762585
0.752200
0.763001
0.728184
0.731661
0.770869
0.756137
0.774751
0.755596
0.750881
0.745267
0.758539
0.755691
0.759714
0.747613
0.745671
0.780149
0.759344
0.778006
0.735385
0.756660
0.724868
0.757966
0.728159
0.742793
0.827145
0.761268
0.736886
0.732748
0.759902
0.721196
0.734316
0.736263
0.723178
0.738311
0.770028
0.736656
0.759695
0.742374
0.763327
0.802757
0.750863
0.733347
0.785936
0.825214
0.794035
0.789009
0.750599
0.758403
0.741886
0.729082
0.758623
0.751780
0.746246
0.774568
0.758155
0.759358
0.747018
0.722835
0.789276
0.731678
0.739123
0.735565
0.775185
0.759850
0.769119
0.753301
0.801980
0.854360
0.853965
0.757895
0.738187
0.743157
0.807516
0.763955
0.783707
0.753047
0.737111
0.760163
0.733571
0.736049
0.738118
0.763523
0.741627
0.761536
0.772064
0.749290
0.739497
0.735111
0.745108
0.727510
0.753343
0.807497
0.743654
0.794745
0.753640
0.783025
0.764431
0.740295
0.733015
0.737661
0.801714
0.729449
0.739967
0.810751
0.772493
0.734765
0.732885
0.782511
0.767298
0.764469
0.826695
0.739226
0.766938
0.780396
0.820636
0.737771
0.760676
0.779436
0.788926
0.842832
0.737887
0.769247
0.734083
0.763213
0.769033
0.819391
0.735918
0.737463
0.735683
0.756274
0.772762
0.790819
0.731875
0.731217
0.726535
0.732492
0.740836
0.750329
0.738201
0.728547
0.729732
0.731936
0.731027
0.760149
0.747876
0.782700
0.794819
0.726559
0.735254
0.756383
0.734277
0.736426
0.726702
0.774991
0.765032
0.794637
0.782751
0.811890
0.779627
0.835798
0.743899
0.760944
0.770290
0.759049
0.798230
0.737049
0.786143
0.769912
0.761871
0.725673
0.741881
0.726332
0.764933
0.796551
0.724449
0.730140
0.729513
0.720080
0.733496
0.754588
0.741591
0.736973
0.736679
0.761972
0.723312
0.738428
0.750981
0.758756
0.770455
0.778662
0.786925
0.805481
0.743894
0.769607
0.755871
0.817725
0.817875
0.731137
0.726809
0.774523
0.783387
0.720614
0.726954
0.715324
0.797817
0.842267
0.739942
0.729466
0.787016
0.733993
0.752689
0.725833
0.863850
0.758451
0.738887
0.759477
0.796833
0.750809
0.742229
0.776801
0.739504
0.752253
0.730626
0.749799
0.761801
0.764845
0.771405
0.850104
0.737017
0.732283
0.757706
0.735627
0.732174
0.746997
0.756366
0.719382
0.720461
0.730546
0.725409
0.774227
0.727363
0.741863
0.734895
0.721202
0.798617
0.728511
0.757785
0.756012
0.737345
0.771155
0.723021
0.754619
0.773888
0.751579
0.759051
0.726234
0.752377
0.799770
0.766351
0.773709
0.738078
0.732060
0.747975
0.735824
0.733795
0.752123
0.730353
0.765284
0.753513
0.762089
0.737685
0.776709
0.758429
0.735244
0.738709
0.769004
0.762147
0.776967
0.764975
0.778277
0.750021
0.723797
0.725000
0.730810
0.808463
0.770304
0.746867
0.721775
0.755430
0.776488
0.727264
0.816259
0.743041
0.762839
0.792417
0.721808
0.760464
0.755603
0.722723
0.789078
0.737732
0.765601
0.729238
0.800821
0.740009
0.803764
0.726548
0.775172
0.734841
0.737562
0.731254
0.810302
0.756281
0.724429
0.765609
0.762174
0.729779
0.744368
0.728092
0.723615
0.775399
0.723658
0.722393
0.719191
0.811798
0.749102
0.756151
0.808446
0.771099
0.728741
0.767155
0.761987
0.716230
0.723070
0.756652
0.787681
0.832180
0.748810
0.751409
0.735525
0.785487
0.779145
0.735179
0.739245
0.732028
0.798130
0.814038
0.729434
0.756176
0.731840
0.812609
0.719425
0.819924
0.763820
0.733581
0.762448
0.777609
0.758499
0.736817
0.780492
0.774657
0.725294
0.805893
0.758991
0.735256
0.735279
0.723325
0.760780
0.731917
0.863704
0.749404
0.724139
0.760255
0.730018
0.759785
0.744538
0.721345
0.726322
0.726596
0.728446
0.779209
0.749237
0.756445
0.723834
0.752002
0.756439
0.722505
0.746196
0.734326
0.769100
0.778561
0.787331
0.727195
0.770855
0.761064
0.775915
0.822770
0.747725
0.739204
0.768641
0.777896
0.724458
0.795180
0.719716
0.745718
0.810439
0.756094
0.766391
0.735472
0.783253
0.740040
0.763123
0.761489
0.825856
0.725452
0.777115
0.730840
0.741541
0.767018
0.756484
0.727671
0.737593
0.749109
0.761518
0.776276
0.754456
0.773496
0.780303
0.723178
0.741961
0.778441
0.796974
0.762464
0.740987
0.736282
0.716508
0.766729
0.785204
0.788371
0.732749
0.747384
0.785934
0.730289
0.729425
0.742119
0.724278
0.732624
0.763479
0.747840
0.766282
0.727780
0.760470
0.736478
0.728348
0.749401
0.791025
0.762084
0.734482
0.772310
0.733991
0.765581
0.763958
0.766912
0.778852
0.775225
0.751578
0.744955
0.758979
0.731790
0.733711
0.754863
0.746345
0.756748
0.736137
0.738586
0.759555
0.732094
0.749789
0.735194
0.727586
0.746764
0.777458
0.802838
0.750068
0.742273
0.737250
0.733259
0.719760
0.730380
0.730388
0.726819
0.738128
0.722467
0.734488
0.755770
0.747760
0.728092
0.716504
0.728164
0.772871
0.788022
0.752611
0.754709
0.781312
0.732645
0.720916
0.774108
0.723434
0.763156
0.736573
0.799763
0.737342
0.810654
0.776959
0.775935
0.734674
0.762865
0.755122
0.775394
0.750640
0.733299
0.823928
0.753552
0.758766
0.731177
0.771993
0.806550
0.790887
0.825643
0.742465
0.766641
0.776003
0.750424
0.726289
0.743528
0.765944
0.754933
0.737513
0.731792
0.717146
0.763886
0.767667
0.730521
0.835041
0.788806
0.755083
0.720923
0.728795
0.773667
0.717183
0.729579
0.738437
0.764428
0.733750
0.745896
0.743789
0.743633
0.729105
0.727436
0.767316
0.726530
0.724047
0.729288
0.727810
0.760945
0.732222
0.731468
0.752215
0.773073
0.721938
0.855821
0.763982
0.734952
0.737614
0.729201
0.760199
0.779777
0.737146
0.736379
0.779597
0.777374
0.743496
0.753014
0.738471
0.755958
0.754843
0.740565
0.735593
0.733673
0.767785
0.779003
0.717784
0.731587
0.785738
0.718952
0.731535
0.745623
0.733778
0.742409
0.754022
0.790556
0.805184
0.780472
0.756874
0.725075
0.754592
0.752042
0.750800
0.847438
0.831130
0.775659
0.772716
0.777720
0.719110
0.772984
0.733346
0.784612
0.837730
0.751046
0.751779
0.771997
0.738759
0.735878
0.715277
0.784574
0.776272
0.792032
0.737521
0.725184
0.761428
0.771194
0.805768
0.750911
0.784948
0.790311
0.786589
0.730883
0.770087
0.736202
0.757749
0.736266
0.772102
0.794233
0.725713
0.734868
0.757061
0.747916
0.736254
0.757494
0.767520
0.713556
0.735579
0.753844
0.774628
0.780960
0.749317
0.790748
0.742922
0.778582
0.789031
0.713172
0.756780
0.742835
0.770544
0.732907
0.713140
0.739872
0.743108
0.730799
0.810095
0.744162
0.730782
0.773443
0.787088
0.733106
0.747938
0.754249
0.722779
0.732722
0.730140
0.729673
0.769860
0.721792
0.725736
0.752154
0.740383
0.740724
0.721159
0.724386
0.756966
0.740939
0.746585
0.726118
0.729884
0.728331
0.716012
0.784834
0.748843
0.753399
0.768702
0.749250
0.813796
0.742962
0.796726
0.764218
0.742863
0.774125
0.718391
0.734714
0.729848
0.751123
0.754479
0.718813
0.755625
0.804067
0.731342
0.755031
0.761651
0.841383
0.756899
0.727730
0.730145
0.730267
0.727890
0.758881
0.721974
0.801031
0.775228
0.740257
0.773649
0.724435
0.734987
0.776693
0.727863
0.817018
0.818953
0.742988
0.800470
0.791896
0.770549
0.729621
0.729132
0.722919
0.731402
0.729920
0.790140
0.731992
0.722231
0.730004
0.726078
0.756110
0.730305
0.756163
0.727468
0.746401
0.767643
0.729980
0.716721
0.732523
0.764311
0.730548
0.727663
0.775152
0.727932
0.759037
0.733557
0.763015
0.717619
0.749141
0.774934
0.779643
0.740736
0.726301
0.759906
0.744516
0.729442
0.757439
0.734468
0.747107
0.762663
0.778967
0.735150
0.718291
0.777681
0.715544
0.728007
0.780841
0.748528
0.730618
0.726506
0.730465
0.767354
0.754341
0.779322
0.717597
0.728798
0.745444
0.743591
0.728011
0.737395
0.720987
0.758348
0.715338
0.790880
0.791108
0.771451
0.732117
0.754060
0.731225
0.734364
0.730201
0.727845
0.712132
0.727669
0.790420
0.738927
0.747530
0.768811
0.768101
0.739251
0.730611
0.815644
0.722038
0.737288
0.752524
0.752251
0.764885
0.752127
0.733548
0.756590
0.771929
0.772835
0.721304
0.731828
0.718548
0.730456
0.730853
0.719102
0.748212
0.757316
0.793521
0.768324
0.731589
0.731013
0.712199
0.725640
0.737716
0.713493
0.771075
0.767490
0.732357
0.762908
0.742723
0.727643
0.736428
0.725735
0.765399
0.717002
0.734667
0.756355
0.729555
0.728516
0.717971
0.725717
0.760530
0.774459
0.760726
0.721770
0.799136
0.767346
0.729906
0.732150
0.715218
0.820711
0.718672
0.731717
0.727148
0.744544
0.736542
0.725468
0.787890
0.731919
0.722463
0.764001
0.722013
0.722339
0.792777
0.776619
0.814832
0.767901
0.766830
0.787410
0.719860
0.733319
0.719128
0.729076
0.847215
0.716197
0.738876
0.776653
0.771824
0.782993
0.759763
0.729627
0.716685
0.767797
0.731879
0.745294
0.762927
0.779642
0.789400
0.749278
0.735831
0.735941
0.732555
0.761918
0.723533
0.732285
0.771644
0.740714
0.730360
0.745101
0.726082
0.739550
0.774898
0.739671
0.754691
0.723918
0.732932
0.764524
0.735377
0.746298
0.725143
0.726100
0.791482
0.754727
0.764053
0.726189
0.728538
0.716150
0.761010
0.756713
0.774205
0.731389
0.720169
0.773952
0.770316
0.799804
0.774337
0.732674
0.730132
0.798775
0.730705
0.769314
0.712860
0.771224
0.720817
0.743823
0.770951
0.863292
0.797400
0.712050
0.745952
0.769505
0.721156
0.750815
0.745607
0.738362
0.765479
0.745756
0.734481
0.753491
0.749903
0.777128
0.722198
0.734183
0.715731
0.734083
0.729690
0.737178
0.756283
0.717803
0.729601
0.762166
0.718310
0.734446
0.724634
0.789131
0.729180
0.719969
0.765967
0.718974
0.804814
0.730685
0.760322
0.728719
0.712751
0.726509
0.729390
0.741571
0.814000
0.737495
0.738784
0.805044
0.767982
0.752054
0.734130
0.733309
0.780901
0.719928
0.725920
0.775379
0.754647
0.730579
0.765919
0.735868
0.730149
0.735867
0.780972
0.760908
0.732781
0.723446
0.733809
0.734048
0.714955
0.757693
0.720308
0.755131
0.733608
0.743099
0.735493
0.721870
0.791102
0.748297
0.773653
0.786344
0.717948
0.734770
0.751912
0.720142
0.732276
0.721673
0.769323
0.744295
0.804104
0.768538
0.779289
0.808973
0.772731
0.728793
0.796047
0.716118
0.775477
0.795654
0.731515
0.754573
0.756138
0.775422
0.750531
0.778463
0.795649
0.722689
0.728700
0.719158
0.760500
0.732854
0.722358
0.735432
0.743637
0.730033
0.734338
0.736178
0.770794
0.762312
0.732753
0.732568
0.726508
0.770121
0.725121
0.751311
0.730928
0.755339
0.770544
0.755157
0.738193
0.726924
0.737497
0.730140
0.732030
0.796989
0.762856
0.744490
0.729641
0.721925
0.813614
0.731553
0.720573
0.733715
0.716859
0.727274
0.757596
0.718788
0.756821
0.730388
0.733692
0.751978
0.716441
0.766077
0.724292
0.728292
0.767460
0.717747
0.764089
0.744365
0.754484
0.776097
0.724580
0.761282
0.798774
0.786240
0.833004
0.749899
0.729499
0.730000
0.767168
0.734825
0.731280
0.770493
0.730211
0.735672
0.737455
0.754305
0.756696
0.774064
0.735923
0.764727
0.748739
0.756185
0.758484
0.785465
0.729475
0.749250
0.736444
0.719354
0.765987
0.758630
0.767959
0.758403
0.751608
0.769664
0.729857
0.756807
0.729645
0.735955
0.763725
0.788399
0.749792
0.726209
0.759966
0.837091
0.744801
0.733770
0.731412
0.773691
0.753109
0.729924
0.729140
0.813635
0.733388
0.733455
0.721927
0.813081
0.778469
0.720859
0.760220
0.717911
0.729491
0.763709
0.717761
0.734156
0.736199
0.735688
0.729669
0.739986
0.744729
0.762635
0.736846
0.735500
0.718432
0.769910
0.717709
0.779944
0.778744
0.722063
0.780778
0.755711
0.732282
0.733858
0.750948
0.731402
0.743344
0.731677
0.796998
0.718685
0.734031
0.716377
0.727844
0.802095
0.783555
0.808524
0.733735
0.826058
0.805278
0.904653
0.742560
0.717371
0.759726
0.719679
0.723335
0.724316
0.764287
0.758791
0.795959
0.734112
0.729872
0.753827
0.748042
0.768435
0.771675
0.819803
0.776998
0.779330
0.751214
0.746228
0.757670
0.724500
0.734849
0.728341
0.735740
0.736458
0.726348
0.755134
0.716065
0.767205
0.733712
0.726457
0.790127
0.740017
0.748415
0.733400
0.719894
0.768303
0.714551
0.732000
0.761084
0.716139
0.764083
0.771520
0.765147
0.754860
0.769343
0.728477
0.743403
0.728291
0.782065
0.745289
0.764111
0.726284
0.777007
0.765645
0.752275
0.764240
0.733760
0.819097
0.733750
0.729343
0.730490
0.711818
0.772035
0.747390
0.733215
0.732620
0.781678
0.809904
0.768950
0.814803
0.732423
0.721992
0.778353
0.713382
0.729826
0.745413
0.791148
0.729960
0.739705
0.730156
0.791994
0.775885
0.730322
0.777385
0.749644
0.770842
0.725436
0.738937
0.710617
0.746687
0.766893
0.734742
0.739462
0.764602
0.729504
0.752341
0.719669
0.729789
0.743566
0.809913
0.809033
0.729227
0.733077
0.793851
0.725791
0.805337
0.757013
0.765296
0.779930
0.731901
0.728186
0.722272
0.742600
0.719746
0.752998
0.721786
0.726468
0.731554
0.768419
0.728089
0.761289
0.722778
0.820318
0.713830
0.747382
0.728917
0.722984
0.756791
0.753933
0.739219
0.778192
0.819564
0.802511
0.713301
0.750023
0.744951
0.726517
0.727868
0.735646
0.751610
0.728978
0.760365
0.786181
0.757655
0.733547
0.768796
0.728246
0.802098
0.717491
0.784919
0.716995
0.747571
0.878884
0.730115
0.787909
0.766752
0.747462
0.795501
0.766533
0.777046
0.758226
0.781130
0.768021
0.779835
0.766387
0.722040
0.771523
0.736512
0.822178
0.786805
0.773534
0.754878
0.731059
0.758752
0.765405
0.761078
0.774976
0.741281
0.748359
0.758840
0.720336
0.731017
0.741067
0.757454
0.744673
0.742305
0.731212
0.739544
0.751814
0.735464
0.729916
0.731469
0.718459
0.725985
0.730844
0.714744
0.735064
0.720602
0.729111
0.728884
0.743639
0.793071
0.785843
0.730202
0.734662
0.760476
0.734257
0.735335
0.729113
0.774203
0.755953
0.762891
0.721205
0.796173
0.784795
0.719710
0.730594
0.743694
0.731125
0.776766
0.728588
0.769272
0.718033
0.728330
0.727292
0.745651
0.754775
0.713808
0.727515
0.756820
0.742720
0.730971
0.744386
0.727771
0.729160
0.743264
0.816479
0.748532
0.741137
0.764706
0.763176
0.728498
0.723746
0.734648
0.755489
0.719544
0.727829
0.721135
0.728519
0.737433
0.722238
0.756283
0.763997
0.725170
0.809649
0.713765
0.748770
0.734674
0.724876
0.730020
0.730070
0.728997
0.729710
0.759007
0.726171
0.714213
0.759789
0.786221
0.724797
0.770806
0.716041
0.774331
0.722846
0.758874
0.758394
0.718778
0.759975
0.749811
0.725654
0.748253
0.757863
0.760065
0.756731
0.778042
0.748056
0.733085
0.746775
0.730269
0.775258
0.761782
0.797706
0.771058
0.763394
0.787550
0.765931
0.790236
0.731682
0.755688
0.740677
0.754303
0.718361
0.797642
0.716682
0.802582
0.758625
0.726982
0.734789
0.753418
0.729744
0.727752
0.726563
0.761523
0.739116
0.792325
0.744453
0.743735
0.728236
0.729171
0.777625
0.729840
0.729040
0.728547
0.735800
0.759982
0.770894
0.782365
0.731512
0.772104
0.776273
0.736926
0.723852
0.729751
0.777982
0.778779
0.729286
0.748144
0.739949
0.807607
0.731914
0.835859
0.777549
0.730137
0.782303
0.727859
0.709045
0.730639
0.731201
0.754113
0.757720
0.712003
0.802447
0.833826
0.724797
0.766937
0.714671
0.780781
0.759183
0.782302
0.763315
0.711708
0.730982
0.732867
0.719482
0.759480
0.750899
0.820775
0.784784
0.730319
0.731407
0.759852
0.748782
0.722678
0.780977
0.766054
0.713888
0.766985
0.755640
0.749255
0.785673
0.729082
0.734694
0.724888
0.760022
0.734384
0.719325
0.782222
0.717528
0.756947
0.756882
0.722298
0.724963
0.720278
0.767844
0.762803
0.769427
0.765242
0.729108
0.800041
0.755739
0.718361
0.744890
0.725169
0.765041
0.730201
0.723902
0.768678
0.744274
0.726678
0.764582
0.771878
0.744873
0.751319
0.753943
0.765288
0.755930
0.803830
0.740720
0.725094
0.726546
0.712077
0.746902
0.720316
0.726397
0.758508
0.760430
0.727081
0.719285
0.730391
0.765162
0.718056
0.734984
0.743974
0.779715
0.746496
0.729689
0.770938
0.735799
0.727581
0.774911
0.739263
0.757659
0.808039
0.733998
0.769464
0.719400
0.756906
0.713111
0.729773
0.730186
0.731296
0.771826
0.765527
0.775509
0.750150
0.818370
0.756755
0.720616
0.774840
0.764811
0.750033
0.811962
0.740397
0.830548
0.783340
0.788161
0.725820
0.714724
0.767628
0.723793
0.763588
0.780045
0.753395
0.768508
0.730652
0.790349
0.789462
0.718349
0.833122
0.713224
0.755995
0.759930
0.724587
0.786202
0.724159
0.768272
0.796147
0.739234
0.806285
0.757432
0.779831
0.752585
0.779294
0.759410
0.815516
0.741235
0.723335
0.802786
0.767118
0.763502
0.773985
0.773172
0.780451
0.781871
0.753895
0.728588
0.731147
0.733389
0.729809
0.779225
0.762171
0.755132
0.771930
0.778691
0.774440
0.754943
0.733038
0.784012
0.756293
0.730080
0.861951
0.755515
0.773904
0.722864
0.732083
0.728006
0.723082
0.746310
0.738275
0.743476
0.753617
0.742497
0.730370
0.720416
0.745671
0.729560
0.714199
0.796020
0.802724
0.771847
0.755698
0.721731
0.733863
0.745118
0.773912
0.735405
0.742653
0.810697
0.782691
0.759605
0.771186
0.717294
0.751443
0.714075
0.779251
0.791888
0.739372
0.755449
0.716626
0.751433
0.740861
0.728970
0.753595
0.718838
0.767075
0.753079
0.742240
0.799579
0.724130
0.729052
0.776166
0.726919
0.734592
0.721006
0.731635
0.787000
0.727733
0.776864
0.769333
0.731929
0.746509
0.737390
0.765731
0.767083
0.739897
0.747760
0.774038
0.770289
0.720198
0.729361
0.732586
0.727952
0.779693
0.721674
0.770670
0.740259
0.796811
0.733269
0.765767
0.731906
0.720448
0.752454
0.808787
0.721498
0.729899
0.720616
0.760344
0.731327
0.772434
0.736902
0.753986
0.738643
0.812299
0.793122
0.807950
0.764934
0.792330
0.761686
0.787005
0.765207
0.719185
0.733292
0.801736
0.730505
0.732126
0.718280
0.740948
0.719219
0.719229
0.779335
0.748784
0.729368
0.766405
0.760011
0.745815
0.745697
0.728082
0.725741
0.802638
0.769531
0.735508
0.769534
0.729976
0.818197
0.771764
0.791319
0.804315
0.725689
0.734199
0.775176
0.724022
0.730080
0.715663
0.731432
0.757187
0.723964
0.734338
0.715752
0.730557
0.776351
0.748528
0.747745
0.744391
0.733099
0.731891
0.757565
0.733627
0.726141
0.755094
0.773668
0.721073
0.796602
0.708796
0.730354
0.731670
0.717864
0.728718
0.761128
0.745646
0.734233
0.725282
0.727076
0.716013
0.725939
0.729605
0.730613
0.769054
0.724430
0.725222
0.761349
0.730022
0.748954
0.799579
0.805244
0.732801
0.721136
0.760266
0.745506
0.736783
0.731845
0.740979
0.759548
0.748213
0.758288
0.749301
0.718548
0.765709
0.763787
0.782213
0.785268
0.722392
0.732795
0.722294
0.749564
0.730251
0.750739
0.732290
0.711853
0.747359
0.726078
0.719372
0.763325
0.762531
0.728759
0.734441
0.717410
0.727806
0.729485
0.727349
0.793056
0.765462
0.758703
0.742697
0.723174
0.765705
0.743083
0.811795
0.755479
0.753494
0.835901
0.719814
0.793387
0.721499
0.729045
0.768196
0.717726
0.759068
0.713455
0.762562
0.729944
0.712873
0.790347
0.749573
0.728802
0.777342
0.725585
0.746935
0.716231
0.755292
0.734103
0.742825
0.775216
0.717239
0.734392
0.751891
0.741206
0.760657
0.723703
0.721883
0.773161
0.746863
0.754967
0.725378
0.756822
0.731429
0.713977
0.805287
0.718126
0.769750
0.746787
0.753123
0.730716
0.722729
0.777532
0.759083
0.720774
0.730034
0.755818
0.759607
0.756972
0.746017
0.732540
0.747361
0.726357
0.777108
0.722986
0.757324
0.723700
0.776120
0.753915
0.739029
0.728427
0.742806
0.732065
0.780236
0.742123
0.766085
0.717944
0.732021
0.740646
0.763542
0.811694
0.764218
0.810308
0.785744
0.729099
0.737816
0.764642
0.775482
0.729392
0.720582
0.728557
0.712048
0.731005
0.726682
0.720423
0.755007
0.759308
0.730404
0.734798
0.719611
0.757223
0.826864
0.762399
0.804303
0.721212
0.728635
0.714764
0.765061
0.728996
0.720134
0.823627
0.721551
0.754215
0.737482
0.793300
0.823925
0.748270
0.779443
0.761290
0.801136
0.787938
0.789077
0.812099
0.714131
0.734040
0.765379
0.716529
0.737913
0.728552
0.767724
0.742360
0.722435
0.760253
0.756849
0.813365
0.780102
0.716310
0.812934
0.742700
0.766626
0.756258
0.751682
0.778509
0.783215
0.757628
0.782899
0.747538
0.734765
0.712432
0.762827
0.722727
0.730984
0.734100
0.714396
0.736902
0.734841
0.734426
0.836797
0.728592
0.733797
0.724524
0.725611
0.767094
0.778994
0.727672
0.724100
0.719923
0.815669
0.719658
0.733393
0.752847
0.827864
0.795343
0.735880
0.757317
0.747687
0.733563
0.731314
0.717101
0.746699
0.750921
0.752305
0.732544
0.730821
0.737120
0.748694
0.734695
0.737448
0.750794
0.753221
0.767522
0.736290
0.730368
0.717794
0.731749
0.749265
0.730705
0.769551
0.716488
0.735892
0.768721
0.786116
0.810983
0.763295
0.781557
0.749857
0.824669
0.774478
0.720569
0.794761
0.731487
0.768385
0.721202
0.759500
0.759723
0.761363
0.727143
0.775778
0.745791
0.777200
0.719680
0.767619
0.746657
0.839388
0.769499
0.760945
0.797238
0.718150
0.733970
0.732826
0.752544
0.797177
0.720244
0.733400
0.752422
0.725119
0.731000
0.718812
0.827489
0.774092
0.779424
0.752793
0.787313
0.757934
0.732543
0.763002
0.727485
0.754558
0.757294
0.724037
0.727264
0.764718
0.705276
0.733212
0.766993
0.719510
0.770671
0.769545
0.765704
0.740481
0.771231
0.749429
0.767585
0.772393
0.783954
0.787940
0.765493
0.723075
0.823729
0.717550
0.757473
0.789230
0.720670
0.734295
0.745192
0.803842
0.731066
0.758105
0.730184
0.783177
0.801255
0.728995
0.785433
0.774915
0.714827
0.747977
0.749157
0.757030
0.804342
0.720972
0.783852
0.755076
0.764975
0.760900
0.747973
0.739245
0.724956
0.721546
0.765689
0.713853
0.756933
0.742838
0.733806
0.734746
0.742224
0.830319
0.729914
0.736712
0.729752
0.768208
0.745151
0.765323
0.756855
0.797363
0.745257
0.780881
0.722556
0.765109
0.766325
0.724028
0.766592
0.761133
0.767382
0.811204
0.731032
0.755061
0.761618
0.793660
0.747573
0.757685
0.794239
0.753681
0.823732
0.729828
0.728170
0.765358
0.764961
0.754991
0.744602
0.747605
0.730691
0.744146
0.778593
0.715719
0.776057
0.728968
0.714252
0.777076
0.753858
0.760415
0.777987
0.799353
0.767674
0.723920
0.800752
0.753554
0.726582
0.736634
0.757395
0.786086
0.761261
0.728061
0.766177
0.778204
0.776838
0.751392
0.735799
0.765406
0.761749
0.737848
0.731469
0.801573
0.764671
0.738289
0.755925
0.763742
0.753789
0.764562
0.773450
0.751794
0.754811
0.735160
0.733775
0.734958
0.758490
0.720992
0.735703
0.832967
0.774156
0.763189
0.768413
0.767145
0.746420
0.765476
0.768460
0.762152
0.784627
0.730132
0.733132
0.733631
0.739174
0.782013
0.728720
0.729826
0.732271
0.725921
0.768622
0.726034
0.775917
0.729137
0.718518
0.782936
0.734376
0.759509
0.820892
0.716102
0.757475
0.715075
0.727784
0.725591
0.712920
0.747584
0.759240
0.792281
0.749244
0.725830
0.756554
0.746039
0.814654
0.736506
0.729690
0.861941
0.743826
0.730943
0.782583
0.779398
0.726548
0.746873
0.779399
0.772201
0.728047
0.723060
0.767691
0.736125
0.731772
0.735853
0.761376
0.756337
0.777357
0.752768
0.830239
0.735570
0.727701
0.728986
0.767111
0.731816
0.730557
0.750911
0.755643
0.762498
0.791733
0.734098
0.743323
0.765751
0.756492
0.761133
0.733971
0.721930
0.727753
0.728974
0.765983
0.767932
0.762481
0.770785
0.721392
0.727512
0.727930
0.759989
0.744816
0.737599
0.727669
0.766708
0.722448
0.745866
0.725964
0.728497
0.734215
0.769484
0.780811
0.763653
0.736188
0.781697
0.723345
0.756845
0.728597
0.726126
0.730364
0.719719
0.780114
0.755990
0.729700
0.783953
0.721442
0.762465
0.744055
0.726966
0.734278
0.724759
0.756769
0.719742
0.765958
0.797366
0.769687
0.761451
0.723439
0.726681
0.780206
0.725193
0.761216
0.715967
0.728118
0.750429
0.738379
0.721615
0.741821
0.730601
0.737391
0.718453
0.762106
0.730619
0.759725
0.723889
0.778413
0.743104
0.742139
0.782375
0.753125
0.734839
0.752925
0.747908
0.728915
0.732206
0.726123
0.770994
0.730125
0.817466
0.728224
0.719982
0.751771
0.758624
0.731509
0.791918
0.728693
0.739468
0.738905
0.794195
0.758952
0.735387
0.735085
0.762666
0.759188
0.745969
0.736371
0.805387
0.743263
0.777794
0.786171
0.759190
0.786652
0.731146
0.764235
0.732539
0.776325
0.764886
0.789586
0.780921
0.749703
0.765073
0.761410
0.722016
0.758737
0.716110
0.742022
0.766028
0.758484
0.762678
0.718433
0.734457
0.732984
0.726561
0.753838
0.767087
0.731696
0.759966
0.718917
0.747040
0.773434
0.756482
0.754586
0.737256
0.731108
0.720157
0.730711
0.755814
0.760818
0.723400
0.737237
0.729953
0.743048
0.779413
0.776998
0.810884
0.755800
0.773279
0.763859
0.729770
0.720677
0.751686
0.756365
0.774224
0.753501
0.758510
0.786450
0.744462
0.778798
0.727889
0.736774
0.740107
0.722105
0.733824
0.726803
0.813911
0.746134
0.750088
0.731275
0.727648
0.726367
0.725947
0.721209
0.745790
0.764962
0.712906
0.762041
0.735522
0.748039
0.783865
0.717129
0.783552
0.762985
0.737716
0.748858
0.719356
0.766642
0.753220
0.753778
0.784783
0.760008
0.779205
0.732582
0.791890
0.733156
0.719636
0.722995
0.724924
0.730343
0.728665
0.725746
0.760992
0.736396
0.762471
0.779265
0.719241
0.729788
0.751958
0.775979
0.756646
0.718455
0.727750
0.751503
0.730746
0.757680
0.717797
0.751429
0.743362
0.838095
0.736002
0.731506
0.752814
0.763790
0.745248
0.777683
0.727614
0.763965
0.775569
0.723567
0.725268
0.711534
0.724662
0.745907
0.750634
0.729305
0.750008
0.843524
0.756214
0.731466
0.739077
0.810581
0.758031
0.766663
0.764379
0.808055
0.778708
0.720530
0.738457
0.730860
0.786788
0.824882
0.722465
0.760716
0.812969
0.767750
0.763128
0.738001
0.732275
0.727249
0.709958
0.783825
0.768134
0.720146
0.767053
0.799902
0.724059
0.731079
0.719950
0.726408
0.752842
0.729080
0.784052
0.747276
0.769892
0.744483
0.747658
0.733351
0.781825
0.755461
0.707832
0.755350
0.779914
0.724097
0.747917
0.722408
0.774440
0.732548
0.759527
0.759597
0.717413
0.768672
0.753334
0.723449
0.724546
0.722661
0.726753
0.777580
0.727222
0.760659
0.724408
0.801413
0.746008
0.763229
0.719486
0.762952
0.726820
0.814395
0.753619
0.780923
0.762358
0.778687
0.725507
0.726282
0.772577
0.756907
0.773559
0.774232
0.851443
0.801421
0.727579
0.752425
0.767194
0.768697
0.750186
0.723993
0.718295
0.746705
0.761565
0.770488
0.793530
0.745922
0.756241
0.760163
0.766761
0.728735
0.770978
0.777046
0.801545
0.728361
0.725564
0.780445
0.722303
0.736104
0.798900
0.808186
0.788735
0.722833
0.773731
0.766934
0.815123
0.782079
0.807216
0.759311
0.790957
0.769594
0.778122
0.733819
0.805864
0.725788
0.774854
0.763357
0.765996
0.737842
0.796140
0.727253
0.726341
0.728256
0.735741
0.781633
0.803680
0.723913
0.743038
0.786456
0.802885
0.776154
0.756044
0.747069
0.762586
0.740022
0.747138
0.760982
0.733951
0.756020
0.735905
0.749489
0.730579
0.731810
0.749227
0.735340
0.751190
0.726107
0.733055
0.725756
0.749747
0.754128
0.724146
0.745506
0.776279
0.736892
0.743558
0.737218
0.728738
0.793274
0.776386
0.731562
0.755665
0.739243
0.750189
0.762915
0.757935
0.745271
0.810611
0.794313
0.731415
0.820762
0.733310
0.729273
0.745509
0.730860
0.733489
0.733848
0.756191
0.828037
0.737483
0.743834
0.762097
0.771492
0.765675
0.738759
0.753159
0.861507
0.798787
0.788490
0.754965
0.749796
0.800573
0.770964
0.749175
0.721008
0.801002
0.734415
0.767625
0.803274
0.721676
0.722429
0.776716
0.731649
0.761965
0.726072
0.726735
0.835022
0.749662
0.800928
0.740090
0.738570
0.751472
0.755518
0.766907
0.735126
0.722617
0.750559
0.744298
0.735135
0.782454
0.730086
0.757359
0.731079
0.788006
0.729984
0.774466
0.731714
0.758665
0.749446
0.794733
0.806010
0.733928
0.774735
0.740091
0.786675
0.735626
0.729653
0.777843
0.728820
0.754612
0.761701
0.749038
0.773957
0.724195
0.782131
0.793692
0.783711
0.755976
0.747688
0.730350
0.756614
0.794637
0.728345
0.759910
0.741506
0.777111
0.827088
0.763170
0.723404
0.745326
0.729745
0.765594
0.761592
0.722277
0.728950
0.736674
0.780102
0.737169
0.733626
0.722409
0.734081
0.758359
0.775688
0.762804
0.727900
0.779015
0.761526
0.763097
0.731256
0.754127
0.780268
0.757285
0.734781
0.722331
0.728153
0.768040
0.738652
0.782513
0.720254
0.747997
0.787628
0.765763
0.856471
0.771818
0.763103
0.766165
0.782296
0.795636
0.808340
0.786200
0.759656
0.727096
0.739490
0.721465
0.736462
0.727940
0.728912
0.767374
0.742884
0.785869
0.755615
0.730214
0.807188
0.737604
0.768784
0.732758
0.729774
0.722127
0.720533
0.772973
0.733599
0.729849
0.751844
0.757539
0.782006
0.769632
0.797496
0.743282
0.724206
0.754549
0.796143
0.776290
0.775895
0.729251
0.780129
0.797217
0.857412
0.734451
0.745369
0.740374
0.763249
0.778500
0.826511
0.722350
0.728333
0.736543
0.792199
0.815904
0.780420
0.758036
0.753657
0.772517
0.733430
0.765498
0.719746
0.763213
0.727058
0.734027
0.767871
0.734925
0.748546
0.761872
0.744294
0.732342
0.734576
0.753283
0.782134
0.778967
0.808075
0.783087
0.736302
0.735629
0.738751
0.753660
0.736717
0.759802
0.783356
0.733042
0.737446
0.737858
0.734452
0.742918
0.756628
0.742080
0.739456
0.767173
0.768714
0.727463
0.730019
0.728264
0.760763
0.749986
0.739381
0.779796
0.737615
0.761537
0.727290
0.721326
0.737078
0.726946
0.751644
0.759646
0.722636
0.751039
0.763379
0.765638
0.761411
0.732219
0.737821
0.737042
0.811976
0.761581
0.803763
0.745716
0.767250
0.757312
0.784007
0.776058
0.776777
0.751285
0.741912
0.756642
0.770145
0.764533
0.732517
0.811548
0.803798
0.788625
0.747835
0.734987
0.780546
0.735848
0.774469
0.735685
0.772292
0.774958
0.803049
0.760323
0.763439
0.748808
0.727073
0.723347
0.885587
0.760145
0.769482
0.752326
0.759339
0.743994
0.759780
0.813385
0.798955
0.726378
0.727439
0.731283
0.800237
0.731404
0.732567
0.802696
0.761871
0.735752
0.821327
0.743366
0.817165
0.756964
0.751810
0.724609
0.772689
0.726795
0.721213
0.772241
0.752494
0.729614
0.723995
0.747831
0.733922
0.777570
0.727686
0.725813
0.722699
0.732433
0.769306
0.725386
0.731220
0.756145
0.788082
0.734014
0.735831
0.762150
0.734985
0.819316
0.754414
0.733188
0.789724
0.746805
0.753840
0.761991
0.730422
0.742428
0.771250
0.754373
0.763420
0.783882
0.764493
0.736300
0.731154
0.770728
0.732073
0.723571
0.730078
0.763105
0.726007
0.757388
0.775008
0.725381
0.731511
0.758243
0.771859
0.761859
0.740646
0.832387
0.788876
0.729223
0.739187
0.761176
0.751808
0.770200
0.729352
0.751938
0.749002
0.727881
0.733829
0.734600
0.734899
0.725253
0.753015
0.715552
0.771263
0.766382
0.727419
0.778698
0.719562
0.769132
0.748377
0.743053
0.738761
0.755763
0.731401
0.728809
0.735340
0.723082
0.717268
0.733561
0.768059
0.773046
0.726559
0.738329
0.726870
0.774323
0.731660
0.723263
0.746279
0.737372
0.775872
0.736834
0.733041
0.718419
0.732732
0.736384
0.740446
0.781854
0.788559
0.734631
0.786192
0.737404
0.813237
0.728274
0.774281
0.775398
0.751660
0.725220
0.718273
0.784335
0.731530
0.736334
0.728066
0.767715
0.794566
0.778111
0.761357
0.743716
0.726838
0.739340
0.727962
0.732615
0.761390
0.723254
0.726327
0.736975
0.824290
0.735400
0.784269
0.721113
0.791259
0.763320
0.755012
0.731178
0.785321
0.735036
0.839355
0.783748
0.835747
0.773905
0.802741
0.802104
0.739226
0.792346
0.740110
0.760602
0.735589
0.739258
0.783425
0.818999
0.776884
0.767580
0.721392
0.722455
0.750300
0.783487
0.732011
0.769058
0.732524
0.737043
0.736166
0.732702
0.717114
0.726620
0.736130
0.751979
0.797651
0.719205
0.784135
0.746009
0.726838
0.719345
0.719494
0.752175
0.734794
0.759905
0.760346
0.722138
0.866497
0.841354
0.757276
0.723911
0.736761
0.744760
0.766409
0.763515
0.763718
0.769845
0.730066
0.763801
0.767173
0.765312
0.728635
0.747739
0.721049
0.737145
0.804314
0.774526
0.741000
0.754363
0.771830
0.755733
0.772439
0.746206
0.724551
0.759288
0.790818
0.732661
0.762309
0.738213
0.724511
0.737819
0.838762
0.765014
0.769015
0.761372
0.775716
0.727031
0.738157
0.747960
0.738294
0.792043
0.730055
0.721527
0.753696
0.754097
0.722540
0.727498
0.766182
0.735892
0.715942
0.753038
0.788145
0.725330
0.789682
0.734078
0.724942
0.747150
0.734001
0.726954
0.759296
0.726757
0.730772
0.830143
0.754404
0.746787
0.853588
0.732767
0.776456
0.728841
0.716372
0.728734
0.756445
0.735691
0.786330
0.749571
0.750833
0.778161
0.766170
0.771506
0.733361
0.740565
0.774156
0.791943
0.734904
0.731656
0.730956
0.811486
0.835547
0.737532
0.768970
0.781827
0.781678
0.763284
0.766298
0.763332
0.726881
0.776201
0.729461
0.727861
0.755395
0.727758
0.750655
0.744112
0.745066
0.762316
0.794247
0.782154
0.726294
0.731227
0.746844
0.788770
0.735782
0.804125
0.754364
0.750914
0.732642
0.801370
0.747655
0.754202
0.737723
0.733053
0.722924
0.762618
0.744088
0.762122
0.790494
0.768087
0.754444
0.723145
0.776324
0.737296
0.793387
0.751012
0.750004
0.778237
0.778916
0.777396
0.760581
0.722988
0.721842
0.785332
0.820672
0.736566
0.763479
0.728072
0.774914
0.737901
0.783177
0.772564
0.736745
0.716107
0.745136
0.788886
0.769873
0.798668
0.776375
0.755550
0.790599
0.778008
0.734268
0.727665
0.714285
0.797443
0.759677
0.729249
0.746304
0.785618
0.725533
0.746605
0.730702
0.731980
0.732753
0.738190
0.738590
0.761929
0.798238
0.716307
0.750754
0.729471
0.724207
0.719970
0.736031
0.770323
0.749973
0.820247
0.757992
0.766524
0.798765
0.834557
0.820202
0.764148
0.757028
0.818600
0.764217
0.778800
0.735912
0.735574
0.754763
0.785158
0.725151
0.731490
0.751775
0.721326
0.727873
0.803951
0.737233
0.740346
0.732534
0.732781
0.735554
0.741635
0.737750
0.809100
0.740369
0.734575
0.757413
0.742822
0.763597
0.734735
0.732450
0.766176
0.757582
0.727441
0.767823
0.745034
0.764587
0.764018
0.780664
0.727997
0.720460
0.793250
0.760448
0.721617
0.796544
0.772139
0.766203
0.754182
0.735122
0.755268
0.797464
0.747526
0.801728
0.737540
0.735253
0.754809
0.751422
0.739563
0.748865
0.763077
0.733817
0.756783
0.818128
0.754091
0.736880
0.747129
0.734610
0.754318
0.738164
0.736161
0.732243
0.732501
0.788403
0.738224
0.798663
0.733689
0.728029
0.766953
0.764216
0.736221
0.731806
0.727337
0.727025
0.816511
0.814929
0.782508
0.731927
0.743181
0.770564
0.734624
0.734242
0.728983
0.738020
0.721947
0.758230
0.734318
0.733398
0.744652
0.754022
0.751074
0.722505
0.787026
0.748430
0.780085
0.765107
0.738673
0.740015
0.724033
0.752401
0.729189
0.741616
0.729946
0.780918
0.751048
0.727813
0.743257
0.762617
0.759119
0.723664
0.752249
0.753901
0.731480
0.761441
0.718082
0.774918
0.738385
0.744836
0.767114
0.726948
0.728952
0.732636
0.811206
0.731441
0.729180
0.747606
0.740969
0.730529
0.765693
0.719215
0.750048
0.732868
0.746197
0.729904
0.760968
0.728972
0.726762
0.788277
0.754910
0.748690
0.811543
0.760475
0.757358
0.755234
0.722191
0.743522
0.731526
0.814752
0.782508
0.725387
0.726341
0.757177
0.784832
0.801475
0.754314
0.735761
0.782888
0.737936
0.797497
0.793097
0.757964
0.777242
0.778269
0.734467
0.772958
0.761877
0.822914
0.750655
0.767755
0.807824
0.778108
0.766965
0.750565
0.774071
0.738460
0.753855
0.736110
0.751448
0.774842
0.737247
0.801372
0.735747
0.731771
0.752614
0.810771
0.808491
0.829927
0.787081
0.773184
0.740761
0.763324
0.736027
0.783203
0.735252
0.731601
0.730467
0.739645
0.737974
0.752183
0.720663
0.739451
0.738061
0.763040
0.745384
0.780647
0.760616
0.763571
0.778695
0.767435
0.749229
0.788982
0.752268
0.768819
0.766205
0.730553
0.722973
0.749949
0.750055
0.730445
0.719863
0.738016
0.730069
0.835473
0.760407
0.744547
0.778941
0.722861
0.795452
0.774821
0.767250
0.774802
0.750978
0.730754
0.756268
0.727261
0.738829
0.723560
0.723895
0.758956
0.788300
0.799733
0.718835
0.753515
0.749163
0.731715
0.727553
0.725630
0.738480
0.733904
0.764383
0.776132
0.724427
0.768943
0.732809
0.764742
0.751833
0.720066
0.724335
0.762108
0.735605
0.768993
0.730778
0.719919
0.751213
0.738556
0.768645
0.762424
0.727682
0.737659
0.823491
0.783920
0.733743
0.733786
0.829412
0.769426
0.762854
0.796312
0.726756
0.764835
0.803739
0.725987
0.770932
0.742284
0.719699
0.757454
0.737162
0.779937
0.749774
0.730645
0.755016
0.732162
0.726605
0.775029
0.764486
0.749057
0.724169
0.778964
0.736284
0.733540
0.765446
0.767762
0.729268
0.729629
0.760253
0.749876
0.790267
0.800287
0.727859
0.726884
0.754415
0.798675
0.775775
0.766525
0.720873
0.726331
0.717440
0.728062
0.730649
0.722839
0.751038
0.787572
0.759102
0.747646
0.725182
0.731253
0.760386
0.732663
0.771339
0.769449
0.726581
0.805424
0.740526
0.810185
0.772368
0.722938
0.801821
0.808351
0.786639
0.734036
0.752129
0.744635
0.759429
0.830644
0.740237
0.739615
0.767270
0.727875
0.755871
0.730916
0.789710
0.724730
0.766521
0.725890
0.731707
0.731429
0.759126
0.715748
0.725170
0.765781
0.796673
0.765164
0.738020
0.733097
0.782988
0.765933
0.804090
0.837720
0.836693
0.752464
0.804643
0.764970
0.828505
0.775534
0.735405
0.747019
0.773201
0.736431
0.773626
0.744024
0.727179
0.733655
0.789803
0.728069
0.733064
0.725196
0.736172
0.767327
0.783563
0.764967
0.786973
0.778712
0.751970
0.758694
0.786552
0.723013
0.722688
0.734340
0.791492
0.733290
0.729649
0.736770
0.774258
0.760084
0.734603
0.722397
0.765605
0.787875
0.732585
0.725313
0.758745
0.764818
0.770068
0.731865
0.730415
0.761918
0.755556
0.743185
0.790632
0.801901
0.749294
0.743541
0.746068
0.767345
0.777598
0.862857
0.805406
0.766795
0.776860
0.779342
0.767865
0.777080
0.765507
0.747809
0.754771
0.762538
0.737015
0.769669
0.756336
0.722608
0.779641
0.785835
0.748238
0.724681
0.727425
0.775034
0.833918
0.736561
0.751518
0.715293
0.725157
0.781027
0.844462
0.729647
0.725884
0.721774
0.745305
0.770868
0.731207
0.719907
0.727085
0.783961
0.775982
0.763002
0.722153
0.724460
0.737257
0.731046
0.728061
0.747602
0.719056
0.824544
0.751605
0.755926
0.716430
0.714235
0.736498
0.808862
0.759906
0.721004
0.750848
0.756298
0.831313
0.778416
0.798712
0.764946
0.731340
0.798023
0.822830
0.773426
0.732352
0.716865
0.723041
0.765925
0.758448
0.768793
0.805278
0.719515
0.730580
0.733959
0.753861
0.770787
0.744848
0.721447
0.728984
0.729068
0.723477
0.758608
0.727495
0.728813
0.775590
0.728931
0.845903
0.769745
0.731057
0.728798
0.771315
0.728335
0.721233
0.726241
0.813270
0.732113
0.753265
0.721463
0.764796
0.753502
0.719471
0.868044
0.729178
0.761364
0.878015
0.770606
0.752781
0.742442
0.744906
0.757392
0.747753
0.770500
0.744319
0.717265
0.757703
0.733571
0.728255
0.765650
0.724045
0.725389
0.793622
0.762624
0.814808
0.722373
0.782358
0.791913
0.731836
0.719347
0.727605
0.722446
0.731286
0.728987
0.768932
0.777925
0.748294
0.725786
0.742354
0.829523
0.764016
0.751112
0.766610
0.771085
0.754397
0.739944
0.754893
0.806726
0.789909
0.804862
0.770985
0.737453
0.761557
0.792211
0.771630
0.728773
0.744975
0.752843
0.803907
0.808244
0.740323
0.736038
0.757943
0.791823
0.734027
0.841442
0.790835
0.734473
0.747138
0.754955
0.780846
0.756330
0.771737
0.714603
0.727088
0.733485
0.775388
0.733111
0.724636
0.716407
0.783995
0.764030
0.731605
0.720116
0.719849
0.719172
0.734183
0.732698
0.727165
0.719174
0.759096
0.731288
0.725305
0.723939
0.722248
0.727343
0.725583
0.728274
0.716331
0.770712
0.785816
0.727414
0.834030
0.725170
0.722528
0.749640
0.743734
0.830003
0.724792
0.737776
0.760360
0.821042
0.733946
0.743679
0.715789
0.756612
0.803055
0.765917
0.738441
0.775437
0.814056
0.742675
0.829285
0.725450
0.722470
0.775774
0.765731
0.772392
0.724739
0.722198
0.744087
0.761676
0.738079
0.740948
0.726165
0.743377
0.758403
0.735175
0.728771
0.762363
0.757499
0.721952
0.755920
0.756259
0.740213
0.754929
0.794397
0.728760
0.725976
0.764875
0.722586
0.740226
0.751416
0.759466
0.756374
0.729811
0.768799
0.750573
0.788267
0.740447
0.726360
0.757301
0.786276
0.760062
0.733735
0.766282
0.774888
0.780123
0.769443
0.803289
0.769006
0.791244
0.782608
0.729801
0.726181
0.723503
0.748401
0.748719
0.762871
0.735546
0.726974
0.736403
0.719562
0.740299
0.762154
0.716024
0.722755
0.763127
0.754990
0.872587
0.812245
0.739953
0.747842
0.737601
0.730372
0.732586
0.726442
0.746968
0.792500
0.785478
0.729699
0.730661
0.723696
0.712134
0.726187
0.759050
0.730865
0.750243
0.725396
0.735200
0.729426
0.773500
0.730685
0.752459
0.762265
0.766167
0.732473
0.725093
0.721722
0.732011
0.723931
0.775313
0.756819
0.752231
0.773419
0.778390
0.760648
0.739525
0.729307
0.756822
0.844378
0.776931
0.719433
0.721417
0.752582
0.798839
0.731337
0.755378
0.754679
0.753655
0.754894
0.731630
0.723987
0.718634
0.722433
0.729634
0.781608
0.759674
0.717245
0.731484
0.734133
0.732540
0.733315
0.717269
0.785895
0.785074
0.766243
0.745416
0.733893
0.722945
0.742796
0.751223
0.725468
0.715713
0.815537
0.748795
0.768262
0.801039
0.767922
0.739573
0.750977
0.787269
0.769622
0.805959
0.743302
0.717603
0.808028
0.725505
0.727892
0.733817
0.747058
0.730608
0.804715
0.768694
0.729985
0.731578
0.756713
0.731619
0.754850
0.743578
0.717108
0.767058
0.724258
0.766351
0.757063
0.725458
0.726298
0.725211
0.771208
0.760478
0.723010
0.792667
0.782108
0.742628
0.752151
0.755941
0.761188
0.772352
0.724346
0.742151
0.742770
0.758401
0.752063
0.731306
0.748024
0.805450
0.759152
0.744263
0.731072
0.720578
0.746220
0.727231
0.730535
0.722440
0.732617
0.749935
0.755884
0.729804
0.780153
0.732102
0.728357
0.729738
0.795672
0.743407
0.722617
0.716605
0.766142
0.799273
0.729834
0.718393
0.719783
0.759455
0.725198
0.728091
0.812894
0.740819
0.748375
0.734360
0.792640
0.766675
0.773093
0.773510
0.782257
0.766934
0.752815
0.727349
0.737451
0.744234
0.769038
0.775616
0.720154
0.722305
0.735406
0.733827
0.735594
0.726712
0.723305
0.731596
0.735923
0.797255
0.748710
0.727888
0.754017
0.772178
0.724748
0.768469
0.764721
0.783790
0.835616
0.816445
0.732444
0.732885
0.715820
0.752740
0.772649
0.742256
0.736848
0.736130
0.761400
0.762358
0.747594
0.728548
0.720034
0.769091
0.725383
0.729802
0.744418
0.756199
0.758031
0.728814
0.751922
0.739934
0.761952
0.730679
0.723303
0.725384
0.761414
0.829921
0.741840
0.771575
0.785041
0.745693
0.722678
0.728959
0.749285
0.743567
0.719179
0.768146
0.749012
0.783637
0.724887
0.730952
0.754997
0.740077
0.779911
0.794159
0.821129
0.773054
0.789561
0.764529
0.812280
0.762835
0.793801
0.751378
0.778273
0.734945
0.736728
0.769980
0.745993
0.751260
0.727400
0.727378
0.724411
0.731156
0.750510
0.735045
0.776901
0.777865
0.738831
0.723450
0.796103
0.736646
0.735165
0.752002
0.721243
0.728247
0.777985
0.739975
0.721953
0.762164
0.738670
0.739346
0.772274
0.763373
0.720662
0.762041
0.731309
0.725516
0.719961
0.723970
0.751602
0.755389
0.762241
0.729343
0.726003
0.730638
0.724647
0.761687
0.731724
0.726551
0.830748
0.759884
0.731420
0.737870
0.802898
0.817853
0.774702
0.779258
0.745771
0.759420
0.760000
0.752903
0.735889
0.787499
0.725040
0.774913
0.727833
0.729542
0.721690
0.772988
0.721778
0.760517
0.728067
0.718961
0.735834
0.726408
0.792426
0.779096
0.744527
0.791312
0.742358
0.748825
0.811269
0.802432
0.738115
0.781648
0.729805
0.775627
0.738920
0.738561
0.732302
0.765500
0.734333
0.740022
0.777984
0.752065
0.739496
0.770658
0.737510
0.763355
0.778855
0.766360
0.742041
0.821695
0.766935
0.778918
0.735154
0.757955
0.729879
0.736123
0.756816
0.781180
0.772837
0.807827
0.735233
0.789403
0.757651
0.765557
0.779895
0.831387
0.749070
0.767203
0.749590
0.794483
0.777855
0.732537
0.736705
0.736760
0.736976
0.764361
0.771833
0.793419
0.770855
0.767627
0.797450
0.730195
0.753032
0.728294
0.782282
0.743386
0.771219
0.724507
0.745617
0.730322
0.724665
0.766640
0.724512
0.777394
0.736436
0.763197
0.772993
0.725832
0.772223
0.806960
0.800079
0.730667
0.726502
0.766391
0.787111
0.733841
0.762596
0.723119
0.742018
0.728582
0.757304
0.776883
0.798863
0.730772
0.726427
0.783502
0.728521
0.734446
0.724030
0.765069
0.740895
0.728137
0.771943
0.731560
0.763834
0.801083
0.818650
0.816187
0.722974
0.755605
0.769571
0.764392
0.814237
0.831527
0.763682
0.790609
0.772111
0.801844
0.755403
0.785122
0.770069
0.733835
0.719313
0.734927
0.727982
0.728894
0.756059
0.757728
0.727120
0.746839
0.758137
0.775179
0.766698
0.730477
0.764678
0.731045
0.770242
0.752892
0.753149
0.768520
0.726056
0.750040
0.722774
0.727531
0.760947
0.727536
0.725692
0.732250
0.794383
0.812197
0.787958
0.732518
0.764533
0.763538
0.736466
0.739334
0.733600
0.785461
0.732058
0.733721
0.726105
0.715984
0.717972
0.848822
0.730839
0.732986
0.720113
0.724649
0.726134
0.733078
0.727681
0.718794
0.745651
0.728640
0.761926
0.727119
0.714050
0.787653
0.726433
0.780785
0.731063
0.724942
0.712770
0.747000
0.731113
0.723830
0.743458
0.723771
0.732752
0.723314
0.748847
0.738118
0.738999
0.760587
0.724219
0.730033
0.810016
0.757396
0.737326
0.765825
0.761526
0.772162
0.756691
0.763215
0.735314
0.737577
0.733794
0.725927
0.751446
0.780417
0.738717
0.731999
0.757408
0.730387
0.820094
0.819671
0.728671
0.722002
0.740681
0.792969
0.725888
0.723491
0.761820
0.724561
0.731415
0.751780
0.726283
0.717373
0.727930
0.731125
0.740458
0.760465
0.742335
0.771991
0.728278
0.735694
0.788339
0.767809
0.773731
0.770432
0.734779
0.755714
0.772010
0.720053
0.759670
0.759966
0.737324
0.797407
0.755341
0.761880
0.792298
0.732220
0.731782
0.713553
0.763509
0.767377
0.720447
0.728010
0.738997
0.768511
0.737915
0.765115
0.763243
0.721579
0.767465
0.776757
0.784147
0.755546
0.779495
0.729041
0.778247
0.738232
0.730482
0.724547
0.744066
0.736808
0.733503
0.753697
0.751599
0.727878
0.815661
0.776850
0.765288
0.725945
0.725645
0.779231
0.778753
0.733723
0.725619
0.720966
0.729817
0.727217
0.728612
0.738213
0.720924
0.785452
0.744409
0.753737
0.780920
0.718459
0.775299
0.738384
0.727628
0.787715
0.748918
0.788766
0.797007
0.732625
0.762456
0.792570
0.748962
0.729412
0.727399
0.721772
0.733310
0.776914
0.774089
0.784058
0.755725
0.732251
0.754718
0.765226
0.762624
0.768903
0.745265
0.735281
0.760512
0.729964
0.817139
0.726496
0.766537
0.740200
0.731045
0.730021
0.746852
0.720514
0.733009
0.747662
0.899577
0.758008
0.724909
0.742605
0.753255
0.772252
0.758788
0.773162
0.731774
0.727969
0.729376
0.730557
0.744062
0.723601
0.725610
0.725921
0.721446
0.732958
0.760595
0.731862
0.728503
0.752579
0.730277
0.721091
0.763106
0.754228
0.721910
0.745333
0.773409
0.828337
0.812186
0.731085
0.729692
0.725226
0.749133
0.778882
0.733921
0.724800
0.723760
0.724867
0.752048
0.726001
0.722258
0.729518
0.746864
0.775375
0.764992
0.719765
0.732580
0.724743
0.723910
0.795144
0.729293
0.745000
0.777784
0.755344
0.729837
0.768208
0.731071
0.722685
0.780448
0.727091
0.722663
0.729506
0.735553
0.743202
0.767546
0.761692
0.756405
0.752629
0.743322
0.726358
0.746877
0.743293
0.747443
0.757929
0.761043
0.719433
0.729173
0.720790
0.725496
0.738417
0.761934
0.734139
0.738902
0.725758
0.786362
0.750765
0.727634
0.721135
0.725713
0.773422
0.795840
0.752201
0.724415
0.782616
0.782752
0.721515
0.749133
0.776765
0.785568
0.762939
0.717588
0.757190
0.720542
0.732166
0.728934
0.740028
0.729620
0.719909
0.729455
0.773071
0.749625
0.749757
0.741549
0.729640
0.790348
0.737404
0.741442
0.724089
0.832798
0.758500
0.746999
0.745147
0.765789
0.754952
0.768454
0.726827
0.723651
0.809296
0.731798
0.739526
0.758826
0.764116
0.743178
0.730647
0.725467
0.728249
0.765756
0.748372
0.741297
0.737664
0.727166
0.734639
0.742035
0.749352
0.739549
0.719792
0.790102
0.730008
0.750610
0.735907
0.802241
0.746525
0.721437
0.776349
0.728086
0.720576
0.739104
0.741022
0.805434
0.730352
0.747310
0.777369
0.721856
0.729084
0.726480
0.729413
0.752402
0.758849
0.758614
0.754642
0.737685
0.758442
0.736260
0.728494
0.772071
0.837714
0.754731
0.740603
0.742789
0.721389
0.728844
0.733424
0.720152
0.732934
0.733447
0.733484
0.728894
0.757416
0.744625
0.724667
0.727212
0.725988
0.756259
0.738488
0.734570
0.720652
0.747271
0.737892
0.736299
0.737301
0.728809
0.765165
0.772096
0.793204
0.734285
0.755722
0.761433
0.790782
0.758051
0.726349
0.787951
0.807519
0.744967
0.745431
0.722774
0.750580
0.726430
0.755450
0.749552
0.731845
0.774449
0.757465
0.720092
0.743823
0.718738
0.729022
0.728165
0.727301
0.770810
0.758028
0.749425
0.738653
0.753140
0.737341
0.788532
0.758423
0.733388
0.724260
0.737565
0.773356
0.728995
0.770037
0.734249
0.727681
0.728500
0.784582
0.736079
0.804313
0.827638
0.717837
0.735286
0.734777
0.756314
0.722662
0.720283
0.764981
0.755278
0.753927
0.729036
0.725686
0.754871
0.752673
0.727546
0.726159
0.720480
0.751746
0.850237
0.808786
0.727687
0.732766
0.736344
0.788050
0.720666
0.800896
0.739443
0.732939
0.769603
0.766105
0.747161
0.736634
0.725705
0.799711
0.724283
0.775221
0.795164
0.804972
0.762050
0.726884
0.747981
0.731544
0.723479
0.724966
0.751517
0.733000
0.735249
0.752283
0.748719
0.743954
0.727188
0.771668
0.731215
0.741613
0.836903
0.747216
0.722247
0.798414
0.744426
0.731695
0.762573
0.724626
0.741346
0.724117
0.752266
0.784726
0.763240
0.768258
0.719676
0.787877
0.736299
0.719485
0.724703
0.751763
0.785116
0.785063
0.739053
0.726754
0.819293
0.730517
0.782191
0.727981
0.771630
0.749059
0.753184
0.807763
0.775906
0.760110
0.754203
0.754700
0.716730
0.823114
0.729079
0.720408
0.783504
0.739536
0.753547
0.737848
0.742408
0.725098
0.719469
0.763828
0.792841
0.763983
0.784473
0.717417
0.738622
0.802900
0.718362
0.758942
0.714564
0.757633
0.736156
0.731771
0.735879
0.728918
0.735230
0.748778
0.724340
0.758861
0.747033
0.790705
0.766798
0.777696
0.745321
0.762060
0.734203
0.743738
0.720853
0.729685
0.751520
0.802209
0.776268
0.795021
0.742273
0.719267
0.725724
0.746856
0.742710
0.749068
0.733164
0.793847
0.739970
0.773564
0.782828
0.769932
0.767125
0.746686
0.736928
0.792104
0.791795
0.725761
0.722069
0.738005
0.772499
0.762522
0.759215
0.730779
0.736323
0.770660
0.749114
0.759918
0.723787
0.815010
0.759154
0.782744
0.751950
0.769173
0.777386
0.763715
0.726420
0.742287
0.766845
0.829241
0.745057
0.731560
0.727622
0.725476
0.762087
0.722464
0.727172
0.752604
0.761287
0.759424
0.724471
0.766161
0.754231
0.720973
0.745119
0.727496
0.807469
0.779135
0.804067
0.748351
0.714123
0.766937
0.756647
0.718592
0.725551
0.726836
0.729990
0.730622
0.716255
0.756088
0.754663
0.731810
0.734724
0.757999
0.813317
0.726551
0.774416
0.743594
0.755572
0.732162
0.733913
0.766677
0.739995
0.745103
0.761520
0.750791
0.731508
0.728567
0.748298
0.754927
0.722870
0.773924
0.729107
0.716369
0.772817
0.719388
0.727125
0.795100
0.774439
0.755788
0.830829
0.732843
0.732865
0.723837
0.727867
0.718846
0.726925
0.727156
0.724354
0.759846
0.719540
0.731348
0.857708
0.751738
0.732337
0.720643
0.733481
0.771325
0.773019
0.726267
0.721286
0.734651
0.734247
0.729808
0.773256
0.721727
0.727803
0.730796
0.746847
0.733820
0.824854
0.729587
0.735371
0.737396
0.758660
0.775377
0.734178
0.767612
0.755147
0.736053
0.754313
0.733520
0.793275
0.788681
0.755224
0.755969
0.775596
0.755889
0.752548
0.764873
0.762604
0.809761
0.756124
0.769889
0.762867
0.715710
0.738815
0.810209
0.727242
0.767717
0.750782
0.756053
0.746528
0.757566
0.734597
0.742565
0.751701
0.732611
0.730291
0.778730
0.716232
0.731588
0.807906
0.754925
0.733623
0.746116
0.729305
0.727018
0.752994
0.775627
0.778796
0.732863
0.733155
0.801092
0.818233
0.725728
0.763081
0.777053
0.765830
0.744855
0.733292
0.792485
0.738779
0.769924
0.754740
0.730405
0.764081
0.718875
0.748504
0.764838
0.730940
0.728875
0.747194
0.766919
0.789149
0.779060
0.780483
0.724854
0.750115
0.741476
0.737234
0.754678
0.772692
0.724588
0.719255
0.732482
0.797912
0.766395
0.734447
0.765456
0.731493
0.806185
0.806413
0.759187
0.739961
0.754599
0.751724
0.776151
0.724738
0.758046
0.770258
0.751855
0.741610
0.761309
0.806082
0.729384
0.720448
0.748725
0.749258
0.720651
0.730043
0.724801
0.738656
0.758666
0.750437
0.778365
0.724964
0.749759
0.761154
0.726712
0.756952
0.781318
0.781762
0.732373
0.756048
0.726785
0.723156
0.745061
0.724019
0.756125
0.734993
0.773126
0.810774
0.732536
0.826651
0.730391
0.756129
0.766982
0.824513
0.722393
0.727646
0.859974
0.759704
0.757770
0.773559
0.814061
0.720580
0.757410
0.831268
0.767069
0.810221
0.735358
0.733342
0.719139
0.799628
0.755616
0.781351
0.728866
0.746994
0.773433
0.788061
0.780857
0.789584
0.790134
0.793398
0.717416
0.808737
0.751873
0.755822
0.751931
0.726714
0.726838
0.779222
0.745728
0.728958
0.748938
0.764585
0.732792
0.746811
0.727025
0.723666
0.732390
0.772888
0.714220
0.725646
0.716698
0.744460
0.728711
0.722705
0.768666
0.771330
0.738975
0.730730
0.734813
0.744682
0.756444
0.763711
0.780099
0.727371
0.773607
0.725848
0.732316
0.775367
0.722007
0.748408
0.724061
0.727167
0.742175
0.757801
0.795288
0.753524
0.790902
0.783078
0.719588
0.729475
0.730387
0.732620
0.736493
0.728586
0.738049
0.779495
0.735306
0.732827
0.724245
0.744493
0.760551
0.776989
0.768848
0.717578
0.725314
0.721199
0.749805
0.776820
0.721651
0.730303
0.722355
0.728610
0.750508
0.719587
0.731588
0.779875
0.794830
0.733370
0.722297
0.752140
0.766911
0.745564
0.736405
0.756869
0.766459
0.786714
0.774775
0.737268
0.749197
0.732431
0.753913
0.739671
0.773931
0.753091
0.723508
0.729868
0.831425
0.781110
0.730909
0.764072
0.735751
0.760360
0.767734
0.753198
0.811623
0.728317
0.764160
0.765493
0.770788
0.755362
0.724800
0.721417
0.721959
0.753366
0.736178
0.743458
0.810782
0.725788
0.760703
0.735830
0.754397
0.727923
0.720748
0.731390
0.798765
0.775074
0.734571
0.778986
0.794305
0.735388
0.762136
0.761512
0.724052
0.777985
0.752253
0.779446
0.728044
0.748081
0.767432
0.793562
0.760117
0.817633
0.741137
0.809141
0.763811
0.765522
0.757068
0.757736
0.745998
0.753158
0.777505
0.731034
0.779760
0.792810
0.816490
0.730364
0.745245
0.774449
0.751056
0.746556
0.781971
0.732577
0.770020
0.790242
0.761147
0.753065
0.776420
0.735600
0.737821
0.733687
0.780892
0.749838
0.767636
0.768315
0.744265
0.749311
0.746496
0.779853
0.804262
0.774172
0.797631
0.739013
0.758292
0.738421
0.804444
0.751061
0.720144
0.770253
0.730658
0.731295
0.729888
0.721388
0.772830
0.774696
0.835066
0.780565
0.793297
0.760868
0.754135
0.755795
0.727581
0.788377
0.730726
0.714590
0.736269
0.737260
0.771175
0.722905
0.723729
0.729924
0.730019
0.739540
0.729050
0.723471
0.762232
0.732410
0.769872
0.728453
0.734124
0.770390
0.733429
0.753272
0.822619
0.769748
0.786153
0.776946
0.890540
0.791567
0.753978
0.750123
0.720933
0.729531
0.740163
0.724085
0.764003
0.724468
0.732637
0.816264
0.801489
0.766571
0.753756
0.766926
0.762529
0.720516
0.725027
0.741606
0.829678
0.737032
0.773799
0.782919
0.788390
0.796110
0.731511
0.736193
0.739057
0.781566
0.763594
0.735060
0.765675
0.767734
0.801860
0.747117
0.768079
0.818229
0.764577
0.736542
0.788042
0.776817
0.777215
0.757905
0.736550
0.845506
0.734902
0.735510
0.733403
0.737965
0.780859
0.733256
0.734030
0.737098
0.784311
0.734754
0.754157
0.734946
0.772766
0.815971
0.738281
0.756036
0.734951
0.767585
0.799889
0.733693
0.734683
0.800628
0.737411
0.778403
0.758772
0.735470
0.765244
0.716903
0.769450
0.719611
0.729199
0.731196
0.721956
0.777743
0.804228
0.755961
0.770874
0.749138
0.726638
0.724769
0.738690
0.757230
0.722656
0.728144
0.762694
0.838557
0.797191
0.730514
0.736903
0.766482
0.768996
0.768636
0.767218
0.757570
0.739605
0.779236
0.804356
0.835167
0.737203
0.765537
0.734215
0.730394
0.737719
0.733417
0.746477
0.729678
0.729268
0.733661
0.731851
0.721777
0.768996
0.777607
0.769301
0.744756
0.730915
0.726479
0.733468
0.736057
0.745736
0.726690
0.780769
0.758122
0.802524
0.735504
0.773490
0.728450
0.721392
0.738499
0.736264
0.767889
0.756861
0.723092
0.755079
0.751687
0.775003
0.751160
0.727946
0.735871
0.779575
0.731892
0.757768
0.745416
0.768913
0.793493
0.750724
0.806991
0.719107
0.758648
0.731414
0.734860
0.765534
0.734398
0.770453
0.720417
0.732954
0.756606
0.763566
0.727705
0.725041
0.728663
0.791591
0.743456
0.781883
0.754280
0.762741
0.731916
0.751641
0.780140
0.725831
0.763957
0.801759
0.739289
0.725603
0.727832
0.765380
0.751861
0.744725
0.771685
0.770620
0.773215
0.774914
0.762770
0.755885
0.797321
0.747780
0.742526
0.724908
0.723176
0.728909
0.744200
0.730733
0.747904
0.753281
0.760477
0.792695
0.725200
0.722799
0.740480
0.769353
0.795134
0.720894
0.754283
0.745423
0.779135
0.760190
0.755583
0.730904
0.770155
0.729267
0.780852
0.748800
0.762024
0.727422
0.753069
0.760497
0.759719
0.731812
0.730364
0.740779
0.723688
0.767201
0.787432
0.764502
0.721111
0.745322
0.728210
0.745481
0.779162
0.765247
0.732473
0.728850
0.849287
0.775488
0.733450
0.736102
0.761747
0.761407
0.775337
0.765816
0.737947
0.784897
0.775450
0.758737
0.757328
0.771043
0.798651
0.778184
0.730998
0.736884
0.764448
0.755933
0.760035
0.757524
0.747638
0.763950
0.763797
0.734550
0.733600
0.799676
0.757938
0.734193
0.777322
0.782141
0.760455
0.778883
0.768548
0.733743
0.756605
0.728180
0.729138
0.732793
0.802641
0.723266
0.750019
0.721356
0.724576
0.724217
0.725192
0.731383
0.723672
0.724529
0.758821
0.753655
0.733923
0.760917
0.778151
0.751166
0.721562
0.764514
0.751393
0.722150
0.748324
0.753660
0.746741
0.725555
0.760370
0.728683
0.755763
0.772304
0.788420
0.731001
0.782200
0.745545
0.743737
0.713777
0.730807
0.740183
0.753980
0.789593
0.727947
0.760938
0.753515
0.715791
0.750958
0.721910
0.780620
0.726890
0.846123
0.734262
0.721761
0.728338
0.725543
0.746249
0.750755
0.717360
0.730478
0.733803
0.760807
0.758951
0.747763
0.754258
0.727652
0.761428
0.755970
0.749103
0.832446
0.846729
0.789810
0.727710
0.713975
0.731691
0.732429
0.755190
0.764277
0.765320
0.731482
0.787584
0.768587
0.748718
0.748251
0.724356
0.755298
0.764391
0.732634
0.720067
0.754667
0.782353
0.724111
0.769279
0.757705
0.757222
0.732408
0.787542
0.768742
0.743759
0.793816
0.722401
0.739832
0.757925
0.751879
0.754471
0.784784
0.730482
0.771736
0.752455
0.762680
0.747338
0.737515
0.776053
0.717186
0.760006
0.721183
0.727532
0.786159
0.805155
0.730313
0.757046
0.746972
0.745123
0.758973
0.724500
0.738377
0.744071
0.771197
0.794447
0.741427
0.785230
0.765305
0.826147
0.772961
0.731774
0.716894
0.736933
0.753213
0.795783
0.767465
0.721919
0.778241
0.717553
0.723802
0.722863
0.731480
0.738462
0.750890
0.776535
0.729998
0.730958
0.744805
0.722294
0.732230
0.729456
0.793577
0.764561
0.748565
0.764492
0.761275
0.774692
0.725690
0.719659
0.734781
0.751597
0.770309
0.735931
0.732900
0.728841
0.779376
0.735934
0.751674
0.774542
0.723158
0.753811
0.743275
0.744430
0.746677
0.779773
0.733428
0.750750
0.767053
0.753207
0.735091
0.732889
0.742153
0.753372
0.751554
0.750242
0.752485
0.724059
0.725295
0.721824
0.760508
0.752223
0.754611
0.754177
0.751222
0.776329
0.727626
0.765846
0.731726
0.738598
0.794438
0.763911
0.770844
0.749138
0.780458
0.836702
0.733982
0.748317
0.748059
0.723875
0.729315
0.752172
0.840250
0.761625
0.715686
0.731738
0.726478
0.752672
0.757000
0.737209
0.768890
0.755365
0.749766
0.774766
0.754169
0.768217
0.792997
0.780426
0.781467
0.722560
0.781199
0.753819
0.726965
0.746436
0.729279
0.756804
0.792466
0.741140
0.728247
0.778847
0.774131
0.726526
0.784042
0.759506
0.808135
0.775516
0.730560
0.809191
0.732187
0.783571
0.764795
0.758343
0.803016
0.777091
0.769633
0.773156
0.725483
0.724789
0.719614
0.733433
0.730842
0.749160
0.755808
0.758487
0.739105
0.735513
0.757051
0.726660
0.721773
0.731231
0.750214
0.742616
0.727078
0.718404
0.784966
0.733737
0.789335
0.790805
0.792267
0.768886
0.793783
0.726267
0.747320
0.726522
0.735428
0.807753
0.728441
0.780028
0.715078
0.727174
0.729688
0.729161
0.768516
0.714645
0.796453
0.732307
0.732534
0.719180
0.748876
0.760517
0.760889
0.732473
0.743520
0.747605
0.823429
0.726522
0.756468
0.781183
0.729810
0.730774
0.752705
0.734341
0.732982
0.792122
0.775186
0.734255
0.735389
0.778688
0.719560
0.720492
0.722268
0.789360
0.772870
0.761079
0.753912
0.756408
0.728642
0.727901
0.741468
0.729730
0.747003
0.731339
0.723837
0.716550
0.745055
0.743031
0.744210
0.723378
0.763981
0.773698
0.835921
0.737438
0.764300
0.805426
0.758521
0.722885
0.768096
0.735202
0.730560
0.749345
0.721182
0.748335
0.776007
0.749788
0.763490
0.784239
0.772425
0.789093
0.761258
0.793743
0.752390
0.727214
0.721418
0.767778
0.751917
0.723546
0.729113
0.722096
0.817814
0.838307
0.731038
0.774087
0.755468
0.762938
0.733676
0.749694
0.734472
0.729587
0.784886
0.731910
0.725949
0.768829
0.768637
0.732779
0.731470
0.719190
0.780130
0.745838
0.729076
0.732852
0.745071
0.728499
0.722772
0.797459
0.730182
0.722854
0.724230
0.751793
0.733031
0.735950
0.748365
0.729543
0.740113
0.731729
0.758194
0.725453
0.768493
0.752852
0.760627
0.735853
0.720342
0.745919
0.744484
0.766709
0.807588
0.745351
0.778959
0.774388
0.745806
0.763979
0.746726
0.720489
0.732974
0.763404
0.730593
0.729110
0.788140
0.717640
0.826695
0.755325
0.784630
0.749257
0.768327
0.746884
0.781581
0.753037
0.751389
0.758279
0.724522
0.723898
0.728506
0.769134
0.743601
0.745304
0.762719
0.761209
0.725947
0.743697
0.731634
0.770006
0.734873
0.724713
0.740176
0.766001
0.798402
0.728948
0.727796
0.780584
0.733366
0.723166
0.773553
0.732384
0.766474
0.741904
0.725769
0.772646
0.728274
0.732781
0.726255
0.777467
0.766462
0.763326
0.735212
0.798336
0.750135
0.786874
0.732241
0.774079
0.719397
0.724274
0.766743
0.747247
0.740551
0.714406
0.734417
0.727234
0.760352
0.726785
0.766506
0.731719
0.757043
0.759743
0.730876
0.757768
0.743127
0.735440
0.732680
0.721252
0.747314
0.725830
0.771288
0.792490
0.750890
0.749461
0.814385
0.757048
0.726802
0.731245
0.761707
0.726051
0.769696
0.757470
0.813016
0.761141
0.798276
0.754785
0.741522
0.779799
0.734282
0.740207
0.749852
0.719558
0.731518
0.742176
0.734307
0.733282
0.731468
0.729642
0.730405
0.722993
0.760126
0.837023
0.783168
0.737772
0.749745
0.760942
0.726224
0.773300
0.804998
0.735028
0.738665
0.730107
0.750211
0.767534
0.730051
0.797432
0.765233
0.793418
0.749079
0.734900
0.760419
0.762700
0.803780
0.754295
0.734471
0.772132
0.722029
0.742276
0.772263
0.733638
0.727608
0.725349
0.772195
0.765434
0.761133
0.765484
0.786564
0.843482
0.721693
0.793926
0.808965
0.751202
0.751033
0.728918
0.768475
0.732755
0.757202
0.722637
0.737124
0.729247
0.784270
0.800075
0.744818
0.721953
0.756685
0.744745
0.754043
0.768314
0.751800
0.837920
0.744204
0.778329
0.731949
0.719306
0.778318
0.733195
0.728764
0.737358
0.719109
0.724991
0.802887
0.726832
0.726590
0.789322
0.759228
0.738578
0.732239
0.759053
0.721036
0.728175
0.729053
0.728107
0.723288
0.740174
0.727679
0.740214
0.788051
0.732036
0.739260
0.727698
0.726539
0.728395
0.748581
0.776809
0.758921
0.823504
0.773271
0.724745
0.723789
0.728633
0.776605
0.748139
0.762775
0.759605
0.756399
0.745395
0.759425
0.809361
0.726227
0.771595
0.762538
0.731652
0.821681
0.847280
0.729895
0.760362
0.745895
0.726124
0.804282
0.724649
0.720017
0.747764
0.780286
0.772590
0.729076
0.720734
0.782830
0.726604
0.731312
0.735670
0.747637
0.744638
0.723318
0.769184
0.725556
0.755540
0.767746
0.781253
0.756951
0.758783
0.749692
0.773034
0.758944
0.729407
0.804720
0.794868
0.744019
0.740220
0.756756
0.766925
0.759501
0.730572
0.723764
0.829645
0.747485
0.729812
0.724697
0.744663
0.787709
0.746675
0.729184
0.724838
0.765484
0.723245
0.764009
0.733409
0.726406
0.773704
0.759602
0.805321
0.733138
0.761622
0.746428
0.770413
0.726857
0.731156
0.726359
0.728526
0.754428
0.760252
0.727613
0.728198
0.721062
0.764341
0.818395
0.758268
0.727785
0.747152
0.727045
0.735875
0.729635
0.725790
0.746899
0.770562
0.734860
0.758815
0.728964
0.743802
0.795079
0.754718
0.817324
0.744910
0.736132
0.724540
0.725640
0.736306
0.731605
0.758367
0.724961
0.719383
0.748136
0.769603
0.725111
0.752356
0.718880
0.775410
0.727019
0.761728
0.757702
0.771880
0.730463
0.732573
0.731259
0.736525
0.743088
0.732601
0.736012
0.790658
0.760185
0.721032
0.807093
0.737565
0.748906
0.726114
0.746829
0.726607
0.728458
0.726566
0.720095
0.718961
0.767248
0.815084
0.768686
0.759834
0.776014
0.799577
0.752790
0.777211
0.735072
0.762917
0.739200
0.763882
0.766879
0.793579
0.731037
0.737225
0.731650
0.767272
0.783318
0.729198
0.734083
0.722559
0.729099
0.814723
0.719053
0.729348
0.782665
0.732163
0.732928
0.732248
0.730069
0.768286
0.724479
0.726735
0.723062
0.732416
0.730420
0.725950
0.719562
0.748978
0.776302
0.774646
0.758671
0.787664
0.739266
0.728123
0.743750
0.729097
0.727368
0.748907
0.765156
0.725683
0.786123
0.780964
0.748131
0.747725
0.735413
0.800469
0.729977
0.720885
0.731117
0.722259
0.746890
0.725350
0.722932
0.759240
0.728728
0.731227
0.729955
0.769462
0.761369
0.773136
0.742234
0.730623
0.890938
0.770517
0.722440
0.725501
0.780541
0.743796
0.735832
0.777107
0.736634
0.730211
0.758823
0.718661
0.724654
0.754605
0.730243
0.721029
0.816631
0.744005
0.804649
0.727100
0.751473
0.718721
0.758355
0.767002
0.753049
0.782554
0.774137
0.748392
0.735400
0.764865
0.765535
0.734738
0.804723
0.737158
0.774350
0.780730
0.739280
0.740514
0.733541
0.735846
0.736175
0.737660
0.759814
0.734441
0.807013
0.740671
0.762048
0.736517
0.733591
0.732574
0.765209
0.737974
0.738189
0.750226
0.742651
0.759303
0.735888
0.733689
0.731483
0.735207
0.736356
0.748212
0.736495
0.732569
0.734334
0.814812
0.822619
0.782538
0.732898
0.764490
0.768382
0.808278
0.739377
0.733604
0.734160
0.778344
0.744709
0.732726
0.778982
0.749160
0.760807
0.718639
0.775280
0.764692
0.755021
0.745027
0.721122
0.760256
0.732878
0.755928
0.767790
0.744105
0.804689
0.761019
0.746054
0.746855
0.729317
0.735659
0.737506
0.760259
0.730154
0.817014
0.777592
0.737984
0.753833
0.754030
0.721692
0.726068
0.750820
0.765868
0.733560
0.770303
0.739053
0.736538
0.734394
0.729717
0.776510
0.774585
0.760325
0.775263
0.811692
0.715693
0.735177
0.755248
0.734158
0.730953
0.756827
0.761278
0.725299
0.730578
0.728660
0.753026
0.738707
0.744740
0.732336
0.731739
0.722863
0.756609
0.727978
0.821204
0.728197
0.760320
0.757234
0.721159
0.732513
0.725322
0.754921
0.736838
0.723501
0.731734
0.778961
0.719851
0.808911
0.763943
0.730934
0.806315
0.759857
0.753332
0.741056
0.725850
0.734258
0.820336
0.722302
0.765008
0.785007
0.803220
0.780084
0.794636
0.748760
0.746006
0.756080
0.785557
0.734910
0.764363
0.781219
0.748452
0.792820
0.748660
0.727599
0.757494
0.724349
0.758710
0.731309
0.746511
0.724174
0.748448
0.796077
0.764342
0.747150
0.743405
0.742939
0.749399
0.732757
0.725020
0.721349
0.796126
0.802781
0.753292
0.740416
0.736202
0.758165
0.757236
0.759151
0.751315
0.722511
0.784576
0.763989
0.754114
0.727119
0.718289
0.716252
0.778718
0.792430
0.765636
0.726002
0.775857
0.808222
0.764089
0.751495
0.751427
0.754132
0.757550
0.764284
0.758191
0.727722
0.813654
0.725672
0.752154
0.728410
0.731491
0.751162
0.783160
0.767234
0.727146
0.727799
0.779915
0.717069
0.723017
0.788083
0.759671
0.776401
0.748608
0.726667
0.803301
0.755884
0.759967
0.724205
0.720123
0.757559
0.744963
0.760223
0.729311
0.730539
0.749988
0.741083
0.733047
0.725543
0.718841
0.729519
0.739420
0.723818
0.727394
0.722756
0.727465
0.726650
0.752871
0.724366
0.761036
0.733786
0.750413
0.748334
0.727549
0.722879
0.764193
0.741958
0.730009
0.730724
0.736970
0.805474
0.736744
0.724793
0.757628
0.741855
0.732021
0.755714
0.722729
0.793897
0.742553
0.746481
0.787141
0.743575
0.727455
0.723798
0.746569
0.726764
0.715403
0.721315
0.746033
0.766836
0.760930
0.725697
0.726364
0.729469
0.732416
0.785066
0.740299
0.756873
0.761724
0.797236
0.736464
0.759459
0.767689
0.750476
0.729430
0.799612
0.766632
0.779116
0.789812
0.789697
0.799389
0.759376
0.735132
0.742217
0.758183
0.737683
0.788550
0.761343
0.741891
0.781714
0.726044
0.749544
0.759506
0.735261
0.728097
0.789691
0.762014
0.730837
0.722100
0.836373
0.717376
0.774381
0.797312
0.721508
0.722337
0.718928
0.747729
0.729556
0.754504
0.724792
0.721294
0.730225
0.752115
0.718087
0.782628
0.718717
0.728403
0.733310
0.766331
0.727495
0.722546
0.729434
0.730008
0.782677
0.760911
0.723645
0.728134
0.754943
0.711660
0.792570
0.718434
0.733338
0.726404
0.717162
0.758226
0.740444
0.762226
0.724177
0.712083
0.727166
0.744520
0.728849
0.755956
0.709013
0.745935
0.769441
0.760401
0.716828
0.736384
0.732401
0.824350
0.781724
0.775721
0.716167
0.758963
0.745146
0.729595
0.811492
0.718923
0.760429
0.746563
0.731246
0.729146
0.735320
0.771483
0.761100
0.752866
0.725632
0.793771
0.722263
0.722139
0.727672
0.760090
0.720649
0.757484
0.721171
0.750355
0.719285
0.723325
0.759521
0.751832
0.757465
0.723090
0.721278
0.756542
0.733007
0.792729
0.724565
0.736974
0.753451
0.749269
0.769513
0.740568
0.741712
0.782379
0.749397
0.734739
0.754143
0.776364
0.741222
0.743009
0.734658
0.732402
0.757854
0.728153
0.744132
0.726742
0.772802
0.716380
0.770348
0.772466
0.745574
0.734291
0.743684
0.723168
0.757458
0.726985
0.753287
0.746690
0.734857
0.788861
0.794765
0.725526
0.718677
0.761136
0.751082
0.729778
0.722976
0.721543
0.746502
0.729979
0.728871
0.726389
0.773975
0.728300
0.755312
0.831154
0.720254
0.714357
0.731007
0.753817
0.772129
0.723441
0.726748
0.755875
0.724695
0.789567
0.723253
0.748925
0.814046
0.741763
0.781783
0.749687
0.743173
0.739348
0.782200
0.790647
0.748366
0.717906
0.756503
0.722906
0.726867
0.730093
0.754237
0.751257
0.764752
0.773001
0.762617
0.762623
0.742996
0.741925
0.770081
0.765839
0.732503
0.718013
0.727824
0.740420
0.780425
0.720681
0.738528
0.717645
0.759985
0.730527
0.715585
0.726034
0.771291
0.778342
0.762438
0.729953
0.771890
0.724346
0.772584
0.730592
0.739350
0.752051
0.785796
0.788392
0.773748
0.732543
0.719379
0.777826
0.754390
0.784124
0.812704
0.727085
0.729147
0.749418
0.802285
0.733077
0.784343
0.718731
0.776376
0.721183
0.723818
0.753067
0.777788
0.756566
0.791055
0.732393
0.869605
0.743523
0.724990
0.720807
0.737279
0.725310
0.722403
0.724549
0.723256
0.729915
0.732987
0.754459
0.750369
0.733735
0.796565
0.751054
0.730727
0.757713
0.720073
0.747398
0.731577
0.729089
0.749181
0.722264
0.758454
0.760867
0.719263
0.798888
0.812233
0.882870
0.756747
0.746887
0.755214
0.732512
0.786989
0.720823
0.762782
0.755617
0.787133
0.744432
0.742253
0.805849
0.776097
0.792795
0.733749
0.723582
0.730212
0.731633
0.746764
0.739885
0.723524
0.764455
0.753173
0.770698
0.745082
0.721575
0.730338
0.759679
0.725966
0.742572
0.761078
0.796862
0.732162
0.754786
0.726319
0.809973
0.744704
0.842040
0.729519
0.770597
0.766255
0.737933
0.744550
0.742410
0.789430
0.760686
0.728218
0.752508
0.761690
0.732660
0.768632
0.763247
0.718101
0.785822
0.775118
0.760040
0.743505
0.724128
0.765803
0.734951
0.730556
0.774650
0.732666
0.728086
0.759829
0.776280
0.720944
0.753525
0.731104
0.733653
0.808914
0.719965
0.801633
0.777370
0.735363
0.779249
0.730064
0.731172
0.777192
0.823044
0.738163
0.733397
0.717627
0.790887
0.733766
0.738256
0.802844
0.796397
0.749322
0.742856
0.728325
0.735743
0.743098
0.766725
0.713745
0.772093
0.766576
0.794170
0.746405
0.724631
0.726277
0.731471
0.782983
0.766073
0.744201
0.731261
0.762526
0.732203
0.750441
0.772518
0.796509
0.728845
0.764481
0.719002
0.780650
0.752041
0.774163
0.727519
0.739566
0.762439
0.754994
0.726546
0.773016
0.715039
0.838327
0.779534
0.747921
0.729340
0.759120
0.761686
0.759194
0.758303
0.781553
0.761202
0.720907
0.766551
0.716299
0.732871
0.781942
0.788014
0.718877
0.710876
0.728728
0.750375
0.747994
0.721409
0.781378
0.726030
0.724842
0.740834
0.762075
0.735327
0.758865
0.765058
0.719716
0.728010
0.770694
0.732733
0.725749
0.718805
0.749199
0.725270
0.814776
0.726644
0.719280
0.731865
0.738321
0.758000
0.796507
0.810759
0.732494
0.754360
0.764644
0.736681
0.809111
0.814207
0.756115
0.728430
0.738992
0.733610
0.722530
0.793531
0.742292
0.724716
0.727818
0.717226
0.760782
0.766828
0.760552
0.785548
0.724049
0.730493
0.770851
0.747020
0.766144
0.748027
0.717717
0.808481
0.772856
0.727632
0.722926
0.776148
0.730592
0.725384
0.771665
0.729917
0.733648
0.757257
0.725592
0.747577
0.729787
0.759501
0.744533
0.743695
0.728548
0.756348
0.767619
0.770820
0.747010
0.761978
0.779977
0.753706
0.763507
0.730724
0.741648
0.762454
0.776915
0.743357
0.729062
0.792988
0.820578
0.753927
0.725396
0.718266
0.756629
0.765417
0.757295
0.719480
0.782680
0.829981
0.740089
0.755394
0.740801
0.744761
0.741622
0.746852
0.773082
0.735873
0.723853
0.765205
0.741114
0.730792
0.742594
0.762507
0.731531
0.724587
0.748585
0.724670
0.718851
0.763598
0.739461
0.729429
0.753914
0.739739
0.770525
0.763053
0.754403
0.780557
0.745240
0.746602
0.785919
0.738274
0.769150
0.732901
0.731369
0.784035
0.811817
0.789103
0.744708
0.770143
0.750536
0.761291
0.736693
0.752302
0.748041
0.727838
0.818839
0.745444
0.770555
0.763407
0.753940
0.762880
0.734083
0.753659
0.777696
0.754841
0.762957
0.731996
0.767148
0.801367
0.775440
0.783977
0.761913
0.763248
0.780406
0.824597
0.734530
0.772423
0.800837
0.757792
0.738390
0.736730
0.734505
0.733838
0.744656
0.749165
0.728863
0.751089
0.732008
0.737527
0.761307
0.735792
0.773093
0.785445
0.723369
0.732327
0.791559
0.749448
0.736036
0.752454
0.778648
0.779788
0.728998
0.754636
0.724581
0.732410
0.728821
0.755081
0.806951
0.749901
0.730119
0.730853
0.728131
0.734011
0.718628
0.748769
0.765464
0.760930
0.716480
0.752302
0.733535
0.778537
0.745522
0.721819
0.726622
0.760056
0.731407
0.722842
0.761980
0.720207
0.727294
0.747870
0.712587
0.770932
0.716525
0.806084
0.732127
0.724534
0.762120
0.783714
0.801646
0.792817
0.757902
0.739778
0.757839
0.729739
0.786480
0.729716
0.715054
0.718531
0.736352
0.733695
0.800153
0.759754
0.727624
0.738848
0.791864
0.754057
0.717618
0.732687
0.743830
0.789507
0.811512
0.722708
0.743279
0.808553
0.722904
0.794892
0.756486
0.790120
0.746345
0.760340
0.730903
0.739248
0.722158
0.749338
0.712830
0.724852
0.751812
0.724109
0.771293
0.731715
0.735709
0.733232
0.737487
0.784681
0.728140
0.789645
0.736772
0.735406
0.735058
0.727367
0.734040
0.738971
0.743044
0.753737
0.730306
0.734844
0.734504
0.774073
0.749609
0.740148
0.731032
0.733973
0.727979
0.748917
0.794605
0.763139
0.765226
0.783952
0.779981
0.728716
0.731402
0.733230
0.780803
0.793437
0.746050
0.751126
0.732604
0.766810
0.743658
0.720603
0.773493
0.726900
0.762213
0.720664
0.739967
0.732412
0.734652
0.754067
0.790037
0.738571
0.726649
0.758098
0.796969
0.713187
0.774490
0.778774
0.750232
0.751800
0.772451
0.737768
0.727371
0.729604
0.771377
0.722990
0.751399
0.842868
0.754770
0.750528
0.780885
0.720774
0.726110
0.726162
0.729604
0.724440
0.778571
0.770409
0.752492
0.776009
0.773027
0.730849
0.767290
0.765844
0.765765
0.772609
0.782824
0.762326
0.734114
0.738828
0.769694
0.766154
0.771465
0.715768
0.746528
0.731918
0.754474
0.735355
0.764907
0.765723
0.731152
0.735486
0.730250
0.730684
0.772892
0.731814
0.728257
0.754883
0.725813
0.761300
0.776805
0.787751
0.756797
0.716007
0.786136
0.741279
0.782163
0.891333
0.774583
0.732440
0.725407
0.735151
0.803155
0.820984
0.766137
0.760459
0.733889
0.797700
0.733861
0.751519
0.732240
0.733023
0.734819
0.774147
0.737438
0.765885
0.778451
0.754067
0.754023
0.748235
0.758066
0.769647
0.729672
0.772589
0.738573
0.759387
0.759098
0.754204
0.786219
0.726357
0.724466
0.775952
0.815835
0.763463
0.763172
0.782633
0.754191
0.764369
0.729825
0.725400
0.723012
0.728734
0.758777
0.730236
0.751202
0.782831
0.742282
0.743701
0.793494
0.752924
0.757892
0.719836
0.718243
0.723583
0.731473
0.720705
0.726354
0.760605
0.731754
0.732650
0.726887
0.754075
0.742946
0.726611
0.733182
0.720757
0.759914
0.776613
0.726436
0.808417
0.765245
0.798942
0.745192
0.746694
0.732377
0.773029
0.725100
0.767419
0.729154
0.735254
0.731089
0.792967
0.735290
0.809501
0.760898
0.751055
0.723736
0.774195
0.731566
0.780233
0.791138
0.730578
0.742451
0.754985
0.734891
0.731598
0.762173
0.782769
0.779377
0.772357
0.750873
0.833241
0.757251
0.734766
0.735491
0.739091
0.758016
0.735553
0.731086
0.759803
0.741437
0.785758
0.775202
0.740907
0.795705
0.741259
0.759112
0.755567
0.768332
0.752689
0.760343
0.771010
0.799539
0.734466
0.766102
0.774014
0.732936
0.800907
0.742007
0.736297
0.751740
0.730788
0.819361
0.764816
0.780582
0.736947
0.766098
0.771287
0.815112
0.782668
0.762480
0.733271
0.765868
0.764066
0.760077
0.767329
0.820242
0.744627
0.768064
0.770388
0.724534
0.756572
0.723790
0.723101
0.754833
0.743733
0.752983
0.717114
0.726619
0.736333
0.773257
0.748731
0.744508
0.740161
0.765860
0.725977
0.738178
0.767617
0.789194
0.803506
0.736742
0.731367
0.754502
0.750155
0.809220
0.752567
0.731556
0.744658
0.732167
0.732723
0.763284
0.745204
0.772579
0.719786
0.748604
0.721746
0.767125
0.744815
0.736779
0.780532
0.779789
0.730806
0.780870
0.731216
0.822472
0.782196
0.795627
0.764671
0.735432
0.722117
0.724482
0.740200
0.733270
0.756622
0.719225
0.714897
0.733312
0.734349
0.726806
0.727431
0.719465
0.742084
0.726889
0.747073
0.759928
0.723489
0.769977
0.754605
0.738759
0.777675
0.792580
0.795705
0.727268
0.762136
0.763631
0.720563
0.853003
0.724005
0.758745
0.737057
0.730167
0.820103
0.725807
0.754328
0.723580
0.733335
0.743476
0.774206
0.735797
0.732297
0.730666
0.751669
0.730274
0.754162
0.731827
0.778844
0.783499
0.760654
0.746988
0.717675
0.747737
0.813035
0.815041
0.769391
0.808446
0.769036
0.751204
0.746474
0.781929
0.715257
0.758043
0.716156
0.722003
0.792659
0.736106
0.744220
0.726554
0.799661
0.782346
0.776053
0.727543
0.718386
0.763400
0.795958
0.755972
0.774252
0.771826
0.720958
0.734524
0.720018
0.727744
0.760938
0.721400
0.761279
0.717624
0.746610
0.743345
0.772779
0.769219
0.749650
0.724796
0.721847
0.724848
0.749619
0.762976
0.729641
0.754588
0.731120
0.760954
0.751726
0.728239
0.722812
0.719864
0.761425
0.732315
0.759310
0.721317
0.718198
0.777668
0.729790
0.774292
0.729013
0.767341
0.775101
0.784649
0.786842
0.735871
0.758654
0.738941
0.741441
0.724995
0.726503
0.725236
0.748872
0.731940
0.828835
0.809641
0.744143
0.768390
0.788215
0.816193
0.790791
0.761246
0.761062
0.737369
0.764297
0.717268
0.842713
0.780972
0.806723
0.732702
0.761458
0.817519
0.742647
0.721229
0.722913
0.761680
0.782844
0.723928
0.746807
0.751314
0.738887
0.734740
0.791344
0.725594
0.745184
0.768813
0.737047
0.725710
0.753704
0.748086
0.799394
0.816558
0.745543
0.772999
0.720314
0.766749
0.771790
0.743011
0.727948
0.722539
0.721420
0.795230
0.728826
0.791160
0.732441
0.717784
0.733051
0.753693
0.770490
0.765974
0.715853
0.734707
0.742293
0.726554
0.726543
0.748338
0.799440
0.743767
0.730210
0.729313
0.720367
0.755159
0.750090
0.728723
0.743705
0.776411
0.800287
0.718834
0.741481
0.727845
0.776094
0.767697
0.724349
0.832392
0.778226
0.722633
0.745700
0.790052
0.794312
0.762049
0.735257
0.722896
0.746002
0.729881
0.782005
0.729417
0.721416
0.720606
0.734855
0.730969
0.723433
0.785881
0.727466
0.745723
0.732050
0.746241
0.754477
0.720839
0.764418
0.726556
0.723472
0.755037
0.725138
0.788259
0.776985
0.751308
0.739178
0.759921
0.796932
0.808791
0.799104
0.739640
0.764168
0.755670
0.720461
0.728581
0.720314
0.713807
0.806079
0.745137
0.729733
0.718305
0.719573
0.787085
0.720746
0.786733
0.726737
0.735781
0.755743
0.749427
0.728175
0.758034
0.720535
0.811787
0.718567
0.730755
0.723635
0.723961
0.791230
0.755539
0.725592
0.722654
0.734807
0.738309
0.752658
0.725059
0.726530
0.721291
0.731120
0.724913
0.725468
0.773263
0.737339
0.790781
0.735635
0.735070
0.760921
0.741013
0.764656
0.762285
0.729940
0.756205
0.726545
0.737433
0.722009
0.727530
0.764802
0.723887
0.809711
0.725035
0.721458
0.766038
0.716429
0.732940
0.727995
0.720575
0.812692
0.715941
0.755459
0.746795
0.777014
0.716225
0.724015
0.728432
0.757400
0.751891
0.723868
0.716404
0.734823
0.752432
0.768453
0.766357
0.751828
0.732913
0.756059
0.723285
0.725532
0.720180
0.729258
0.725405
0.746936
0.737217
0.743437
0.728451
0.738425
0.721055
0.787160
0.723233
0.759502
0.748119
0.718741
0.768940
0.766423
0.747170
0.726629
0.717375
0.730594
0.718829
0.755963
0.727289
0.755430
0.741144
0.795542
0.816898
0.737871
0.742030
0.725844
0.721777
0.776403
0.773101
0.781083
0.756425
0.721990
0.733693
0.761283
0.724047
0.726814
0.735060
0.725691
0.746689
0.734378
0.759893
0.721243
0.754363
0.747029
0.715093
0.727656
0.728875
0.724378
0.725613
0.737465
0.776212
0.768102
0.725869
0.733666
0.732014
0.792279
0.732904
0.736807
0.769450
0.764389
0.738008
0.772955
0.767960
0.737721
0.735185
0.743120
0.750544
0.731723
0.729239
0.735984
0.733354
0.723106
0.760377
0.756503
0.715419
0.731550
0.736724
0.757536
0.779839
0.715852
0.756725
0.755045
0.818664
0.763928
0.723176
0.738631
0.761053
0.729014
0.729618
0.754367
0.746942
0.732453
0.731641
0.754800
0.730287
0.733318
0.740329
0.781077
0.787635
0.764879
0.787798
0.765438
0.740802
0.824963
0.834536
0.775141
0.769317
0.767416
0.760214
0.782175
0.726681
0.742999
0.783992
0.722040
0.735254
0.767571
0.760688
0.748032
0.719482
0.731690
0.752004
0.715881
0.726777
0.772873
0.877724
0.760530
0.773405
0.719179
0.762324
0.735281
0.757802
0.746587
0.717260
0.716896
0.771737
0.770721
0.722780
0.753493
0.762989
0.762800
0.761830
0.802187
0.719702
0.740897
0.768303
0.755909
0.730800
0.752784
0.719296
0.753296
0.721691
0.728821
0.722795
0.770338
0.767066
0.802923
0.767296
0.753179
0.775982
0.758552
0.720212
0.763377
0.730122
0.742412
0.761747
0.766553
0.793170
0.755800
0.770033
0.729737
0.765616
0.734128
0.732777
0.735795
0.761660
0.722176
0.736744
0.724129
0.719635
0.761218
0.724325
0.754341
0.768201
0.751075
0.753768
0.717299
0.730841
0.728944
0.741337
0.758520
0.797204
0.792122
0.720160
0.770861
0.742849
0.742364
0.734695
0.824902
0.740839
0.738565
0.733003
0.739483
0.736666
0.733853
0.760225
0.746450
0.762705
0.730687
0.766877
0.756051
0.755574
0.777621
0.729324
0.777284
0.730293
0.784162
0.753617
0.784469
0.754597
0.735193
0.747289
0.800019
0.731943
0.735389
0.785961
0.773347
0.776991
0.731893
0.735794
0.739161
0.749542
0.805129
0.765980
0.738318
0.770236
0.779951
0.732077
0.733813
0.759470
0.756436
0.785472
0.753513
0.750191
0.766931
0.723061
0.755243
0.725462
0.741790
0.737216
0.728312
0.796575
0.784737
0.758140
0.798690
0.754965
0.755737
0.728350
0.747176
0.759166
0.799709
0.747222
0.798157
0.754817
0.726219
0.721987
0.763077
0.731025
0.761145
0.821000
0.725235
0.851015
0.758724
0.729302
0.721905
0.721851
0.779631
0.776005
0.762934
0.791762
0.742237
0.731843
0.761677
0.725992
0.720378
0.746262
0.737755
0.726438
0.722934
0.723488
0.726288
0.730737
0.757312
0.731934
0.731193
0.722287
0.758263
0.720444
0.717360
0.752831
0.719740
0.792098
0.761232
0.822496
0.729684
0.793292
0.787172
0.731397
0.738187
0.730819
0.771062
0.804371
0.756098
0.819698
0.758590
0.724882
0.805018
0.717042
0.756994
0.730496
0.791465
0.730449
0.769877
0.887587
0.754678
0.810088
0.740419
0.741876
0.761575
0.759865
0.748713
0.729241
0.811333
0.830726
0.739268
0.813585
0.758860
0.741740
0.755616
0.717458
0.777029
0.745473
0.723625
0.729439
0.733692
0.780879
0.756487
0.785972
0.795440
0.781425
0.771530
0.764211
0.777701
0.767852
0.759287
0.765390
0.733152
0.725393
0.737434
0.721299
0.754336
0.805022
0.802771
0.774039
0.786978
0.754010
0.729233
0.739778
0.725141
0.746534
0.720523
0.712257
0.772563
0.762847
0.723945
0.760836
0.724540
0.731783
0.773720
0.807522
0.745269
0.784750
0.779358
0.771951
0.756840
0.755677
0.730905
0.812416
0.774632
0.726081
0.749216
0.747710
0.738442
0.747776
0.727723
0.727701
0.726324
0.760980
0.721431
0.782237
0.763278
0.736574
0.730749
0.740336
0.735423
0.760663
0.770086
0.742462
0.749156
0.840604
0.759127
0.772345
0.738059
0.719657
0.795308
0.742381
0.726289
0.716312
0.773580
0.738360
0.808855
0.729684
0.721628
0.760659
0.812716
0.722543
0.759953
0.761571
0.781532
0.812618
0.715712
0.805523
0.727630
0.737424
0.732294
0.721241
0.727502
0.721011
0.755440
0.748578
0.736555
0.760086
0.784411
0.758137
0.740153
0.762985
0.737720
0.777175
0.765876
0.743921
0.766671
0.738569
0.804026
0.753084
0.746842
0.787262
0.778413
0.806073
0.785783
0.743227
0.836501
0.786944
0.762754
0.765265
0.733630
0.775669
0.811492
0.775382
0.760912
0.819233
0.819732
0.744236
0.789930
0.746221
0.731340
0.795019
0.735371
0.734072
0.762754
0.765784
0.782866
0.735181
0.724534
0.751817
0.725843
0.811441
0.785449
0.781352
0.718679
0.745459
0.734768
0.750367
0.724480
0.713133
0.801266
0.808406
0.785757
0.760839
0.776877
0.739973
0.757539
0.720078
0.845269
0.805576
0.726483
0.781257
0.746160
0.736118
0.745339
0.725743
0.724847
0.753335
0.769143
0.723611
0.750059
0.754256
0.727173
0.819212
0.780136
0.765454
0.715603
0.756048
0.765160
0.723224
0.752305
0.731685
0.754517
0.792080
0.721551
0.783610
0.731415
0.724444
0.810000
0.806688
0.791980
0.727232
0.745942
0.779712
0.735995
0.738962
0.781942
0.738761
0.788519
0.754080
0.770674
0.733564
0.752594
0.739219
0.797405
0.763987
0.731960
0.736476
0.732162
0.778321
0.765629
0.733132
0.766673
0.733460
0.788288
0.750867
0.733250
0.734567
0.732451
0.763660
0.749608
0.728046
0.727383
0.721515
0.763164
0.750260
0.727684
0.727443
0.743689
0.734386
0.782781
0.788447
0.755419
0.801407
0.729987
0.764897
0.731707
0.759435
0.734620
0.740647
0.730894
0.759782
0.727732
0.787329
0.722709
0.738926
0.753318
0.728386
0.751038
0.756356
0.731679
0.721144
0.757573
0.807891
0.757233
0.744009
0.723780
0.754291
0.724704
0.746766
0.726865
0.779420
0.758750
0.743173
0.734568
0.786764
0.763944
0.776773
0.753125
0.767967
0.781444
0.734357
0.751381
0.822611
0.729790
0.758277
0.767424
0.787767
0.720628
0.735778
0.757303
0.769750
0.744130
0.765316
0.794671
0.787073
0.768674
0.720239
0.753088
0.736101
0.728531
0.753797
0.726108
0.762981
0.733200
0.722158
0.748777
0.759039
0.729556
0.758564
0.777330
0.729928
0.740844
0.720611
0.733736
0.726805
0.728902
0.727835
0.734523
0.767627
0.725317
0.743063
0.756885
0.734679
0.756897
0.746390
0.754628
0.779152
0.725152
0.766370
0.763315
0.735032
0.761723
0.718249
0.729676
0.746811
0.755485
0.749688
0.732659
0.763666
0.727447
0.744695
0.746007
0.718391
0.849911
0.728373
0.720488
0.772227
0.726497
0.809767
0.749061
0.753990
0.758069
0.733279
0.739996
0.749517
0.761393
0.723977
0.729602
0.772414
0.747325
0.721594
0.752256
0.719976
0.732108
0.730815
0.722492
0.759478
0.724912
0.732313
0.743984
0.746115
0.725724
0.721778
0.767319
0.741087
0.717237
0.760396
0.738162
0.793204
0.740994
0.751886
0.752618
0.853770
0.735649
0.752474
0.782485
0.761782
0.777311
0.742707
0.772619
0.779119
0.735501
0.721929
0.819299
0.738005
0.724248
0.726624
0.774226
0.738606
0.730469
0.761722
0.731421
0.804251
0.757513
0.732209
0.736694
0.730883
0.774867
0.780635
0.720841
0.723402
0.722819
0.764628
0.820156
0.766874
0.789403
0.766346
0.753305
0.756845
0.754402
0.774238
0.761629
0.720924
0.721963
0.753257
0.830167
0.719418
0.732191
0.764941
0.726648
0.736154
0.722565
0.732323
0.757587
0.742100
0.730232
0.740232
0.721740
0.755465
0.742515
0.755918
0.754714
0.723418
0.777035
0.718913
0.730314
0.804435
0.725314
0.760714
0.746875
0.736648
0.766965
0.718800
0.760912
0.757154
0.838885
0.722961
0.727694
0.764040
0.791697
0.782374
0.748704
0.730398
0.837359
0.821139
0.764045
0.718617
0.730761
0.772889
0.729073
0.725402
0.753389
0.730020
0.726829
0.721120
0.749748
0.824647
0.735933
0.774650
0.743234
0.787713
0.716089
0.729621
0.726941
0.756814
0.742896
0.722051
0.777889
0.781732
0.721976
0.738502
0.759686
0.766972
0.735232
0.776741
0.795169
0.774143
0.796030
0.748575
0.749465
0.759646
0.869868
0.734585
0.780283
0.737833
0.737262
0.769243
0.765192
0.794569
0.738707
0.766596
0.736458
0.771396
0.730461
0.787188
0.732701
0.783275
0.729999
0.755780
0.779821
0.731043
0.767124
0.731613
0.780165
0.767101
0.824629
0.753859
0.831071
0.745991
0.736199
0.765440
0.770429
0.732475
0.745344
0.738524
0.751463
0.734188
0.726470
0.722373
0.778236
0.733232
0.730616
0.754432
0.722824
0.724349
0.772879
0.736713
0.732518
0.761996
0.762127
0.722466
0.736556
0.780750
0.753814
0.729230
0.746570
0.731331
0.729235
0.729208
0.751869
0.731535
0.804447
0.781070
0.734917
0.775493
0.806290
0.741434
0.775770
0.766257
0.756095
0.771562
0.768395
0.735843
0.728775
0.749852
0.776726
0.800918
0.778651
0.778461
0.725184
0.815468
0.741062
