5.295228
5.648384
5.438007
5.332293
5.170393
6.109955
5.609939
5.449565
5.340723
6.483322
5.645636
5.107883
5.480772
6.011168
5.166022
5.146016
5.195319
5.858326
5.518586
5.382761
5.17832
5.507793
5.333807
5.123589
5.176009
5.521454
5.477509
5.653096
5.701038
5.600743
5.457886
5.641401
5.911135
5.667698
5.32959
5.18574
5.698817
5.473437
5.159987
5.461607
5.150487
5.418791
5.636408
5.132204
5.611006
5.696602
5.205438
5.074758
5.414728
6.226382
5.368041
5.135859
5.933209
5.847083
5.145731
5.129808
5.219769
5.232169
5.119457
5.112857
5.229604
5.263535
5.16982
5.350097
5.496604
5.324597
5.1288
5.124744
5.702046
5.705641
5.192537
5.138152
6.215521
5.309708
5.492935
5.424078
5.583519
5.414506
5.146416
5.118896
5.891016
6.322325
5.147109
5.308465
5.62129
5.599183
5.149629
5.1326
5.284578
5.398171
5.140747
5.135796
5.782121
5.85712
5.304394
5.301911
5.889567
6.115105
5.097028
5.081017
6.15154
6.087336
5.608886
5.775383
5.618785
5.149814
5.135588
6.357451
5.477619
5.039899
5.495988
5.958661
5.489926
5.58381
5.050422
6.081793
5.180954
5.005735
5.028407
5.439948
5.901542
5.017646
5.444633
5.213596
5.864339
5.466958
5.026411
5.455869
5.661929
5.226029
5.054431
5.454452
5.401866
5.366298
5.609745
5.298466
5.440176
5.267645
5.034034
5.219349
5.188707
5.449092
4.968771
5.125557
5.785208
5.249561
5.035264
5.109047
5.233486
5.165494
5.365256
5.33661
5.715039
5.374319
5.301146
5.177852
5.513653
5.060579
5.134625
5.187442
5.912927
5.30754
5.125929
5.426749
5.890047
5.139898
5.137614
5.673584
5.435903
5.667503
5.456661
5.36321
5.962199
5.300189
5.133957
5.202711
5.655513
5.581695
5.576704
5.534245
5.44222
5.431916
5.070478
5.600807
5.406025
5.072009
5.320297
5.200789
5.906417
5.115837
4.887868
5.434565
5.239125
5.1168
5.118742
5.185957
5.223231
5.278474
5.466062
5.125226
5.558919
5.347363
5.038723
5.39804
6.405274
5.429946
5.272657
5.423265
5.649903
5.091938
5.089099
5.191357
5.545553
5.430882
5.073563
5.494623
5.789536
5.155966
5.451132
5.130162
5.794163
5.100311
5.549658
5.568337
5.316951
5.433542
5.153461
5.240377
5.285736
5.551347
5.141497
5.693965
5.375832
5.663476
5.189873
6.245413
5.48476
5.139973
5.120066
5.217653
5.687075
5.174396
5.605265
6.055337
5.699665
5.104998
5.561019
5.605357
5.689915
5.108367
5.090464
5.867406
5.601137
5.098168
5.394937
5.271203
5.745694
5.129891
5.131621
5.995286
5.400244
5.120401
4.947532
5.232233
5.717161
5.097115
5.128427
5.281566
5.178642
5.848985
5.634479
5.737103
5.88505
5.167521
5.84518
5.280419
5.345482
5.248436
5.074276
5.715231
5.167333
5.110938
5.869699
5.699759
5.318685
4.946134
5.290709
5.546635
5.720478
5.125384
5.189002
5.590052
5.27246
5.393354
5.378171
5.497814
5.140039
5.858615
5.186283
5.27033
5.118184
5.15606
5.416846
5.277428
5.60377
5.313468
5.210576
5.785929
5.290853
5.52047
5.481788
5.256157
5.247022
5.106057
5.52844
5.255899
5.161718
5.132088
5.176795
6.055243
5.547216
5.383512
5.242751
5.693867
5.368508
5.124385
5.88316
5.853133
5.38559
5.088066
5.669839
6.220645
5.081185
4.982718
5.153564
5.776588
5.128652
5.409702
5.531317
5.648668
5.52481
5.391362
5.233997
5.938503
5.137095
5.087119
6.408244
5.526224
5.882557
5.062997
6.012726
5.71569
5.083109
5.361501
5.272983
5.182887
5.156315
5.584996
5.769755
5.14784
5.773614
5.2843
5.440172
5.456117
4.996503
5.304733
5.744071
5.445074
5.001821
5.086071
6.189125
5.551847
5.007349
5.517029
5.875391
5.571721
5.478498
5.625508
5.867576
5.290616
5.529722
5.517945
6.045473
5.654857
5.642536
5.62263
5.514731
5.387348
5.136087
5.519917
5.519467
5.131703
5.564234
5.684143
5.917835
5.156883
5.528829
5.607992
5.357483
5.140966
5.164315
5.341852
5.538762
5.132557
5.148434
5.587333
6.445941
5.484913
5.177999
5.258206
5.200336
5.576008
5.862499
5.765184
5.769706
5.319862
5.172206
5.403483
5.499834
5.020936
5.125552
5.42209
5.098482
5.590522
5.341268
5.495714
5.575191
4.969327
5.028357
5.2863
5.359223
5.361106
5.019332
6.048689
5.178039
5.470168
5.134554
6.175905
5.484482
5.537597
5.161405
6.278068
5.533658
5.100936
5.132988
5.705489
5.172559
5.142212
5.181311
5.234393
5.394106
5.08527
5.106298
5.370464
5.392169
5.157776
5.181094
5.612551
5.70403
5.362557
5.125471
5.447073
5.572946
5.43273
5.406729
5.67666
5.753157
5.148456
5.530057
6.231437
5.51476
5.573475
5.474946
5.846644
5.503465
5.157582
5.912533
5.862638
5.202244
5.35764
5.625165
5.352318
5.25586
5.298175
5.2884
5.2996
5.658325
5.502419
5.760758
5.119129
5.62059
5.548809
5.869289
5.455712
5.291918
5.665452
6.392638
5.224174
5.619565
5.590794
5.417867
5.270944
5.072403
5.185101
6.153673
5.147761
5.0562
5.202508
5.23436
5.631679
5.144571
5.184517
5.436157
5.546644
5.103589
5.18243
5.614787
5.588163
5.49355
5.733279
5.254831
5.372926
5.384985
5.190442
5.97402
5.148815
5.062506
5.162531
5.340339
5.248531
5.0337
5.196297
5.642704
5.26694
5.346791
5.614165
5.245103
5.514769
5.287164
5.176611
5.806509
5.128301
5.118512
5.146323
5.977912
5.427942
5.511392
5.153354
5.689032
5.927045
5.573963
5.979943
5.804389
5.360398
5.129001
6.379344
6.395343
5.293523
5.321758
5.526717
5.492475
5.522666
5.16026
5.227542
5.39942
5.67205
6.170835
5.490548
5.145926
5.538236
5.524789
5.622879
5.550167
5.340852
5.72155
5.481821
5.479328
5.569046
5.201643
6.008767
5.490719
5.02236
5.355087
6.378076
5.02547
5.072134
5.185874
5.222614
5.451583
5.207556
6.066048
6.4351
5.544339
5.354004
5.280054
5.622515
5.031588
5.378278
5.731462
5.540645
5.159559
5.112219
5.527498
5.223788
5.457385
5.507126
5.49315
5.567237
5.668489
5.311854
5.275692
5.213195
5.131702
5.15932
5.541877
5.35361
5.509154
5.412776
5.25818
6.122687
5.478821
6.009726
5.565816
5.221918
5.069751
5.170565
5.256789
5.581573
5.122347
5.153313
5.246284
5.190814
5.407607
5.127146
6.171306
5.719608
5.127551
5.134372
5.606119
5.173626
5.156175
5.128122
5.243444
5.179147
5.574299
5.300657
5.411286
5.202227
5.498905
5.151803
5.620225
5.884688
5.456051
5.511604
5.329659
5.204653
5.654075
5.185277
6.052206
5.576513
5.112212
5.215292
6.062175
5.62548
5.506969
5.163208
6.193246
6.083293
5.671999
5.724109
5.659378
5.339392
5.121287
5.502051
5.771551
5.218402
5.68275
5.619824
5.411673
5.532277
5.125299
5.399056
5.534596
5.405046
5.16393
5.214482
5.857405
4.958708
5.05137
5.434272
5.454486
5.010507
4.970307
5.578094
5.184384
5.422755
5.147797
5.747804
5.219146
5.655704
5.061414
6.840783
5.220461
5.079016
5.129889
5.843233
5.614847
5.08596
5.684872
5.511618
5.38264
5.575747
5.449303
5.982404
5.538761
5.119682
5.387676
5.247374
5.191607
5.115608
5.381368
5.21499
5.365051
5.115729
5.571571
5.264857
5.250376
5.677086
5.433126
5.211935
5.174761
5.655105
5.162244
5.834689
5.434205
5.11684
5.152493
5.584045
5.637205
5.484272
5.386624
5.465334
5.37048
5.416775
5.183887
5.845226
5.491526
5.406736
5.498151
5.951528
5.511145
5.287289
5.188125
5.464752
5.117214
5.580814
5.535119
5.992262
5.509108
5.57746
5.21735
6.150299
5.059425
5.502093
5.292325
5.474994
5.272709
5.350864
5.720467
5.907133
5.084792
5.129384
5.250463
5.763267
5.1255
5.346785
5.618636
5.541657
5.121576
5.348449
5.565176
5.762301
5.322164
5.153334
5.255942
5.435131
5.678083
5.619094
6.066095
5.709869
5.121393
5.686422
5.250082
5.651905
5.660398
5.197516
5.643687
5.165285
5.54884
5.209461
5.859337
5.577894
5.319076
5.198872
5.951561
5.138355
5.577425
5.588621
5.648397
5.467749
5.142568
5.752973
5.790751
5.229491
5.629852
5.965212
5.330877
5.69403
5.136071
5.236423
5.216142
5.574745
5.147001
5.350782
5.446583
5.595806
5.380089
5.223836
5.302027
5.667299
5.098923
5.406607
5.389632
5.09368
5.352547
5.543634
5.536718
5.583838
5.15123
5.867029
5.44139
5.48698
5.268674
5.267386
5.23323
5.392773
5.170321
5.792651
5.189212
5.40854
5.190542
5.223673
5.439064
5.502322
5.188472
5.576319
5.683753
5.480766
5.165252
5.251534
5.98017
5.119753
5.706879
5.44972
5.844265
5.487644
5.173356
5.228116
5.804705
5.147931
5.276579
5.249239
5.164275
5.125615
5.16697
5.241789
6.133657
5.148662
5.12198
5.584524
5.372128
5.075767
5.4232
5.688328
5.722555
5.11764
5.609812
5.725991
5.584286
5.239402
5.682823
6.173819
5.361001
5.436509
5.291642
6.307226
5.37505
5.428585
5.518351
5.862397
5.196614
5.004983
5.239514
5.791845
5.0468
5.370497
5.228662
5.512529
5.407937
5.422243
5.893269
5.638129
5.443572
5.102014
6.102045
5.36254
5.349464
5.375731
5.708502
5.586231
5.683737
5.17074
5.758077
5.74998
5.144035
5.334406
5.721921
5.333297
5.043791
5.421362
5.554314
5.382959
5.854381
5.324534
5.681458
5.525195
5.185468
5.548268
6.654802
5.499841
5.127073
6.19904
5.360993
5.133093
5.145035
5.198432
5.549037
5.176614
5.150363
5.252238
5.557786
5.311023
5.421195
5.448474
5.721355
5.523266
5.07899
5.861434
5.804013
5.025364
5.507637
5.774801
6.182667
5.494319
5.645424
5.352065
5.324398
5.368258
5.56367
6.737188
5.757091
5.277737
5.695465
5.801473
5.534245
5.126472
5.553135
5.872463
5.456718
5.145951
5.615
5.593314
5.27876
5.628554
5.813658
5.751679
5.621563
5.456341
5.311386
6.057083
5.142131
5.15797
5.63333
5.7914
5.666717
5.157947
5.244293
5.539562
5.199558
5.170786
5.7409
5.517362
5.096708
5.418991
5.483922
5.349111
5.105707
5.151063
5.921264
5.626026
5.072343
5.31454
5.562819
5.684749
5.017803
5.128272
6.002374
5.476367
5.662357
5.450092
5.577791
5.610276
5.699156
5.251307
5.515169
5.655702
5.149734
5.266766
5.506285
5.337907
5.647722
5.530904
5.581555
5.236244
5.4092
5.731527
5.933669
5.233789
5.441222
5.580489
5.227983
5.506156
5.605899
6.387337
5.950529
5.064025
5.101997
5.674583
5.156816
5.043764
5.351562
6.350921
5.933194
5.166378
5.479951
6.228469
6.054209
5.671027
5.203625
5.658306
5.648628
4.955438
6.124249
5.815705
5.102978
5.111857
5.576554
5.472082
5.465301
5.831267
5.371644
5.194203
5.518317
5.018382
5.477233
5.670168
5.480155
5.116114
5.924
6.014474
5.382815
5.959402
5.588701
5.322698
5.153329
5.126881
5.639433
5.749299
5.474494
5.563321
5.943336
5.364225
5.139697
5.159193
5.486873
5.212521
5.434705
5.426866
5.850427
6.078469
5.156431
5.335991
5.274928
5.832306
5.603461
5.179129
5.281462
5.507876
5.034828
5.394124
5.697593
5.117259
5.422389
5.456717
5.293463
5.673233
5.482209
5.237638
5.793517
5.475736
5.010961
5.205342
5.393523
5.415998
5.470318
5.845238
5.233532
5.132987
5.132105
5.559754
6.918634
5.076881
5.364794
5.744387
5.404094
4.982384
5.062393
5.420905
5.791279
5.694205
5.317052
5.248464
5.459398
5.114758
5.052922
5.91236
6.001413
5.065691
5.610213
5.24063
5.400479
5.377295
5.553486
6.008906
5.459651
5.641471
5.526393
5.834618
5.335609
5.146036
5.679932
5.272563
5.34499
5.368568
5.190718
5.25444
5.483061
5.111635
5.272094
6.068009
5.372744
5.445673
5.20273
5.618775
5.154549
5.313799
5.464119
5.716805
5.155552
5.477634
5.217793
5.305089
5.312043
5.400255
5.36212
5.259938
5.080282
5.587533
5.183613
5.743148
5.150867
4.963833
5.527587
5.516661
5.431686
5.419247
5.227578
5.416556
5.312722
5.107601
5.166396
5.62843
5.508149
5.038954
5.162811
5.251953
5.517314
5.061274
5.361932
5.502395
6.074609
5.196111
5.191075
5.801637
5.587804
5.077892
5.33029
5.504296
5.067981
5.401669
5.384902
5.886943
5.080442
5.368344
5.449062
5.476108
5.499568
5.133287
6.106042
6.303562
5.140979
5.138149
5.809771
5.285358
5.671112
5.418044
6.118077
5.925086
5.652315
5.161244
5.300825
5.714048
5.412175
5.365992
5.722744
5.467889
5.149848
5.194996
6.057532
5.722288
5.092757
5.16107
5.938055
5.619307
5.113204
5.559828
5.235409
5.471567
5.48255
5.214422
5.799021
5.824581
5.302529
5.614461
5.817791
5.745848
5.144545
5.689283
5.292831
5.132189
5.373808
5.227041
5.634366
5.484151
5.157962
5.244992
5.623912
5.35936
5.134164
5.204574
5.46859
5.22514
5.490854
5.268908
5.704603
5.301708
5.369792
6.04767
5.478983
5.594709
5.080226
5.464676
5.41528
5.521408
5.33105
5.202176
5.845537
5.475244
5.451328
5.20333
5.820463
5.486794
5.169382
5.810657
5.185921
5.521821
5.156281
5.628073
5.180797
5.221696
5.149288
5.238831
5.203747
5.144322
5.335466
5.227442
5.216352
5.236208
5.549727
5.346034
5.232298
5.47684
5.554559
5.911917
5.356911
5.574532
5.372166
5.24743
5.205018
5.137138
5.130048
5.444605
5.614446
5.277311
5.474074
5.176965
5.541544
5.456282
5.433713
5.269938
5.751332
5.681917
5.453211
5.584716
5.371395
5.156371
5.643157
5.237716
5.200475
5.016225
5.07193
5.598857
5.283926
5.101996
5.103803
5.209038
5.833138
5.110055
5.084851
5.678751
5.793491
5.094968
5.09126
5.242206
5.568117
5.055607
5.354237
5.479167
5.292809
5.2157
5.031985
5.323279
5.549926
5.408689
5.109289
5.235627
5.234987
5.402846
5.111374
5.230839
5.266266
5.543795
5.657128
5.633529
6.043054
5.305456
5.140832
5.56131
5.357424
5.143749
5.096918
6.036819
5.236708
5.156493
5.630957
5.412928
6.153907
5.5839
5.634248
5.452041
5.588159
5.70224
5.703527
5.503656
6.384721
5.137118
5.196605
5.87045
5.407838
5.340158
5.488512
6.445344
5.16515
5.093716
5.837833
5.863712
5.150811
5.476475
5.473805
5.37707
5.430076
5.138628
5.581844
5.757629
5.162983
5.084347
5.554958
6.641794
5.364137
5.75336
5.745746
5.460466
5.083189
5.551062
5.937374
5.324151
5.476103
5.432687
5.43161
5.992848
5.125399
6.200377
5.59168
5.461174
5.448704
5.378774
5.667578
5.815358
5.511168
5.778082
5.770689
5.38673
5.108911
5.554363
5.551263
5.097229
5.142215
5.238707
5.68206
5.151824
5.483209
5.214062
5.230937
5.142666
5.12095
5.202553
6.450416
5.156124
5.236471
5.404139
5.215308
5.137238
5.135139
5.138554
5.219485
5.679833
5.253447
5.171874
6.13354
5.383793
5.121241
5.725402
5.712743
5.247845
5.347812
5.720658
5.736702
5.586394
5.588294
5.264395
5.626918
5.139579
5.166188
5.657925
6.172493
5.60434
5.194316
5.50637
5.96246
5.144789
5.204182
6.254714
5.350715
5.457649
5.205575
5.239488
5.507909
5.105399
6.162775
5.456271
5.208997
5.170448
5.205522
5.246643
5.56032
4.994074
5.103138
5.496237
5.166854
5.079596
5.046473
5.866585
5.421859
5.124444
5.374305
6.087821
5.52175
5.194881
5.097146
5.655346
5.511803
5.326077
5.163869
5.671775
5.677068
4.98879
5.142669
6.319875
5.516701
5.356875
5.345462
5.432132
5.147264
5.140878
5.328843
5.261292
5.49863
5.287718
5.649086
5.351867
5.478145
5.145671
5.148606
5.443417
5.018997
4.925469
5.067184
5.494942
5.63893
5.115756
5.388141
5.590399
6.270346
5.22078
5.898834
5.936062
5.405056
5.14612
5.135585
5.606526
5.152944
5.45102
5.192371
5.667204
5.258958
5.171904
5.748017
5.441769
5.078917
5.279888
5.523503
5.271845
5.267779
5.026896
5.862505
5.217368
5.260081
4.944878
5.146733
5.376915
5.514052
5.078843
5.214446
5.663456
5.175033
5.114336
5.962528
5.415817
5.259291
5.458927
5.211158
5.663359
5.183639
5.534855
5.481905
5.36656
5.468704
5.107758
5.719922
5.42678
5.454745
5.038483
5.208792
5.746212
5.364502
5.067453
5.360083
6.679241
5.070309
5.076727
5.225917
6.020536
5.583374
5.417148
5.654036
5.421591
5.568913
5.121162
5.617301
5.200126
5.102238
5.102106
5.23478
5.409301
4.975836
5.103847
5.390646
5.43387
5.566422
5.572854
5.233068
5.534553
5.096686
5.576868
5.173465
5.478855
5.144089
5.025598
5.449796
5.187188
4.994915
4.968801
5.191622
5.377996
5.167888
5.550046
5.458886
5.947701
5.059581
5.016971
5.514172
5.826465
5.585474
5.007694
5.428131
5.635137
5.214592
5.405681
5.927745
6.294901
4.975049
5.284616
5.592422
5.454055
6.286168
5.433577
5.483823
5.480316
5.18204
5.39549
5.768628
5.911911
5.431336
5.135838
5.548879
5.323135
5.44625
5.510575
5.560983
5.508322
5.027805
5.124163
5.535654
5.939941
5.03288
5.191897
5.367527
5.459225
5.196732
6.29136
5.445698
5.361059
4.99621
5.377163
5.816519
5.192482
5.505419
5.639158
5.284725
5.273969
5.361136
5.899558
5.752828
5.532411
5.611062
5.655792
6.302237
5.56877
5.513182
6.262793
5.169209
5.426128
5.58964
6.14529
5.357798
5.306242
5.498489
5.24753
5.617038
5.491851
5.605721
5.331692
5.355343
5.263822
5.621871
5.516111
5.207401
5.123596
5.179923
5.594924
5.499115
5.655227
5.142977
5.482036
5.636736
5.148698
5.519467
5.635406
5.171298
5.127496
5.733481
5.501625
5.405738
5.134231
6.034853
5.613589
5.125304
5.346415
5.229777
5.903333
5.622761
5.132997
5.484499
5.958389
5.414482
5.514017
5.754883
5.359948
5.141144
5.698955
6.37052
5.661058
5.294471
5.473658
5.984577
5.491432
5.492811
5.449689
5.591835
6.000988
5.131626
5.551367
5.307494
5.665096
5.127018
5.529773
5.356236
5.153208
5.668806
5.471596
5.43175
5.40272
5.101812
5.616121
5.417808
5.356571
5.104189
5.2006
5.5531
5.292152
5.405541
5.702532
6.286426
5.342689
5.123953
5.572444
5.851508
5.14377
5.149596
5.621341
5.405723
5.158327
5.143888
5.488455
5.389841
5.092058
5.885864
5.263758
5.462459
5.624974
5.134232
6.066239
5.182039
5.118268
5.120531
5.252252
5.357352
5.135993
5.108505
5.690499
5.161081
5.967196
5.321949
6.112351
5.39597
5.149167
5.081493
5.501038
5.547975
5.141296
5.577277
6.361116
5.175477
5.129805
5.708498
5.394972
5.684683
5.354225
5.174767
5.579998
5.968153
5.102145
5.131117
5.429806
5.348725
5.09448
5.409286
5.694134
5.186047
5.315778
5.678324
5.789668
5.815941
5.477717
5.216964
5.831392
5.558698
5.586979
5.173259
5.448109
5.613551
5.076097
5.518505
5.27583
5.334487
5.141799
5.205753
5.402689
5.600248
5.115465
5.171732
5.480018
5.455104
5.087141
5.194684
5.263318
5.165315
5.148092
5.172399
5.740652
5.414384
5.102349
5.187795
5.514513
5.447995
5.110374
5.183416
6.132319
5.57053
5.110493
5.157698
5.534227
5.187424
5.57948
5.134291
6.073604
5.295519
5.473241
5.354619
5.562753
5.480082
4.921251
5.476464
5.378363
5.633402
5.128528
5.750922
5.758057
5.195171
5.591458
5.258082
5.255745
5.345767
5.65071
5.243703
5.317156
5.665861
5.167047
5.197567
5.778913
5.183218
5.4665
5.531121
5.751976
5.080562
5.631656
5.730925
5.709845
5.490607
5.31051
5.801255
5.462561
5.187195
5.561947
5.497039
5.735067
5.039899
5.098043
5.49791
5.502056
5.278277
5.488871
5.278524
5.688317
5.436382
5.119083
5.838675
5.558734
4.984639
5.387296
5.400732
5.565906
5.493196
5.190674
5.407084
5.372344
5.3848
5.141681
5.984938
5.604055
5.52774
5.212296
5.239941
5.195687
5.141527
5.399355
5.216791
5.481015
5.622062
5.20077
5.624986
5.170238
5.336675
5.17367
6.278136
5.646728
5.402939
5.183295
5.752974
5.124467
5.469312
6.352523
5.806611
5.14381
5.149359
5.67787
6.039178
5.419783
5.609323
6.125933
5.223952
5.159182
5.516097
5.442583
5.181519
5.408895
5.161797
6.441614
5.500825
5.508328
5.195718
5.262615
5.381509
5.434508
5.183017
5.593852
5.634187
5.125997
5.192322
5.27887
5.489508
5.458998
5.179904
5.765086
5.168684
5.55147
5.523129
5.525354
5.382406
5.677585
5.711799
6.470302
5.310839
5.443554
5.546089
6.264246
5.363041
5.107359
5.240597
5.238832
5.232819
5.652077
5.524614
5.374185
5.184818
5.151379
5.613802
5.472944
5.146651
5.670807
5.552293
5.537228
5.139027
5.179414
5.577862
5.361606
5.465217
5.705121
5.373204
5.176787
5.449632
5.17301
5.240739
5.723546
5.145924
5.427045
5.243585
5.441217
5.538198
5.179893
5.746157
5.30706
5.134555
5.153536
5.78803
5.601615
5.468632
5.330455
5.850222
5.476872
5.142284
5.717865
5.632832
5.310449
5.462248
5.62458
6.149675
5.251163
5.451549
5.416082
5.337359
5.707859
5.149563
5.221148
6.574354
5.136929
5.530183
6.185165
5.284379
5.071645
5.925704
5.825268
5.75139
5.405587
5.115703
6.188362
5.558621
5.257122
5.180607
5.21933
5.17137
5.15463
5.18493
5.443874
5.187855
5.638882
5.175788
5.221478
5.524077
5.408568
5.158402
5.511387
5.134434
5.091041
5.159834
5.546474
5.788967
5.39798
5.352815
5.441329
5.426623
5.070019
5.187911
5.948615
5.316251
5.116669
5.180297
5.960793
5.784338
5.675752
5.402527
5.945402
5.57301
5.415961
6.076821
5.204127
5.143219
5.649991
6.02406
6.326987
5.473464
5.825924
5.873952
5.349596
5.14059
5.756111
5.984209
5.296057
5.303067
5.213201
5.408047
5.409057
5.107434
5.397783
5.541387
5.17633
5.231494
5.170606
5.78142
5.478521
5.17762
5.3826
5.397544
5.375268
5.81903
5.364404
5.945328
5.420247
5.407162
5.228606
6.15665
5.270588
5.145291
5.94622
5.593988
5.566566
5.586988
5.424953
5.476905
5.369419
5.250387
5.261204
6.160171
5.596901
5.437551
5.282628
5.871202
5.581785
5.277898
5.399727
5.968783
5.571653
5.762548
6.028034
5.530344
5.080406
5.393331
5.495539
5.256463
5.091901
5.158173
5.427643
5.055305
5.098503
5.542166
6.052267
5.180314
5.147894
5.197459
6.275229
5.471992
5.477435
5.489665
5.564821
5.312769
5.128186
5.55341
5.497998
5.347033
5.469782
5.213203
5.606979
5.331796
5.125278
5.467856
5.931109
5.259562
5.080928
5.806832
5.237431
5.603992
6.349494
5.39438
5.349686
5.634817
5.155579
5.570137
5.65034
5.380978
5.132328
6.348979
5.409947
5.077446
5.430564
5.625778
5.535746
5.312604
5.424214
5.264866
5.929243
5.117743
5.779832
5.277603
5.185472
5.359012
5.43743
5.812183
5.570626
5.027965
5.204206
5.755058
5.666997
5.150566
5.561519
5.408895
5.553001
5.12357
5.715699
5.830202
5.306664
5.150656
5.681167
5.398782
5.786181
5.721828
5.60188
5.421378
5.134677
5.338123
5.249423
6.076443
5.001148
4.981567
5.904974
5.210548
5.469696
5.347894
5.389414
5.440613
5.13674
5.12955
5.426327
5.430388
5.069477
5.45101
5.865884
5.544942
5.37423
5.183455
6.153367
5.738723
5.043699
5.333329
5.48993
5.412141
5.368426
5.579133
5.263278
5.52486
5.38875
5.114914
5.216992
5.093143
5.357652
5.169715
5.474589
5.161009
5.480296
5.27883
5.871366
5.309155
5.038247
5.362279
5.548958
5.633203
5.300257
5.604425
5.235536
5.127722
5.352524
5.329202
5.216861
5.615642
5.080721
5.566969
5.68877
5.347297
5.600253
5.422613
5.428632
5.150502
5.149512
5.710456
5.468921
5.159497
5.148307
5.175005
6.704517
5.375968
5.473932
5.324388
5.267286
5.398682
5.533511
5.529658
5.237427
5.376592
5.062865
5.190535
5.734102
5.582624
5.157505
5.143808
5.253847
5.628846
5.452642
5.347014
6.142403
5.323213
5.150903
5.219798
5.35127
5.719295
5.1136
5.214451
5.596486
5.445947
5.105211
5.178698
5.513525
5.991424
5.087663
5.22843
5.250286
5.408395
5.136849
5.723382
5.965201
5.340874
5.083256
6.509882
5.476927
5.665366
5.460098
5.626611
5.487907
5.645835
5.622417
5.819477
5.161798
5.102738
5.184301
5.235635
5.202543
5.169769
5.477717
5.641684
5.78
5.35558
5.429989
5.422863
5.506793
5.09673
5.19192
5.602705
5.638401
5.363295
5.173871
5.673271
5.476699
5.448113
5.207713
6.287196
5.542337
5.140677
5.61753
6.195594
5.152714
5.114146
5.47919
5.5495
5.129587
5.46533
5.478515
5.55377
5.685889
5.181437
5.667523
5.519787
5.150293
5.175529
5.901482
5.1986
5.141922
5.155711
5.266538
5.174274
5.140348
5.160226
5.231327
5.211616
5.137396
5.151201
5.222205
5.598831
5.464305
5.67863
5.456563
5.458013
5.589323
5.334515
5.920283
5.498813
5.28231
5.578063
5.326516
5.149819
5.40894
5.669396
5.903499
5.455399
5.135777
5.171649
5.817291
5.524207
5.12215
5.765849
5.515682
5.210216
5.0347
5.401382
6.187559
5.605465
6.109185
5.522574
5.905124
5.744655
5.456079
5.418236
5.512001
5.076355
5.010193
5.579144
5.704429
5.145497
5.176859
6.387919
5.487566
5.605584
5.093163
5.585308
6.106681
5.019262
5.17668
5.68134
5.860567
5.280008
5.209896
5.519232
5.518126
5.711592
5.165255
6.118712
5.429286
5.826978
5.253536
5.435004
5.055804
4.977599
5.144551
5.217446
5.465576
5.041391
5.14545
5.511333
5.296873
5.025506
5.193512
6.239282
5.173055
5.067365
5.725916
5.395885
5.301936
5.457229
5.43123
5.75154
5.599313
5.030035
5.374325
5.886614
5.48759
5.158014
6.585925
5.601993
5.636895
5.723768
5.425141
5.43709
5.632483
5.400407
5.905644
5.152153
5.490422
5.690481
5.73338
5.258655
5.121567
5.406179
5.832711
5.229375
5.058974
5.171291
5.349169
5.218112
5.154773
5.459816
5.572728
5.419321
5.348289
5.704719
5.480888
5.38467
5.045073
5.579139
5.919167
5.091549
5.120725
5.577901
6.004523
5.040079
6.047178
5.51672
5.528488
5.440232
5.674027
5.58027
5.188962
5.111009
5.587799
5.727169
5.192199
5.226108
5.18631
5.513764
5.529333
5.593581
5.156469
5.519708
5.365162
5.176672
5.713244
5.340331
5.330701
5.083185
5.614234
5.571895
5.409925
5.476784
5.163895
5.912939
5.493968
5.637985
5.515283
5.279764
5.480191
5.17195
5.21109
5.649385
5.550961
5.253778
5.529409
5.505052
5.288135
5.437627
5.559931
5.220174
5.135782
5.494259
5.414367
5.557456
5.173128
5.446889
5.506205
5.392336
5.282528
5.344903
6.273857
5.187571
5.178065
5.101807
5.499103
5.325506
4.979072
5.108897
6.185205
5.140393
5.019476
5.112651
5.155181
5.197729
5.597211
5.13646
5.990154
5.274559
5.002735
5.177135
5.199251
5.492445
5.071107
5.159859
5.915063
5.174036
5.09842
5.172157
5.205452
5.218289
5.35746
5.123026
5.528699
6.284415
5.080374
5.115631
5.213827
5.181487
5.46498
5.161728
6.02116
5.536135
5.534278
5.183858
6.099046
5.176446
5.105457
5.497131
5.77894
5.437976
5.534048
5.848372
6.28931
5.364485
5.68574
5.524832
6.004507
5.445401
5.165662
5.211747
5.694311
5.179359
5.171894
5.762804
5.725614
5.624971
5.185378
5.835485
5.283981
5.44865
5.643916
5.577456
5.402261
5.583749
5.137328
5.654037
5.633307
5.180224
5.446855
6.141474
5.189599
5.179042
5.500766
5.396376
5.29077
5.46738
5.43986
5.693334
5.149848
5.18463
5.594305
5.580302
5.130748
6.403048
5.667011
5.490002
5.658962
5.174271
5.24581
6.014222
5.429641
5.153548
5.832824
5.401002
5.496616
5.316425
5.533874
6.064314
5.194589
5.190284
5.558525
5.544191
5.468031
5.585027
5.83519
5.14397
5.637316
5.263884
5.486299
5.587091
5.178395
5.174804
5.49895
5.169927
5.171401
5.44054
5.39811
5.508214
5.599931
5.198777
6.004114
5.477193
5.327388
5.194677
5.634086
5.525362
5.180728
5.429033
5.240727
5.343621
5.157497
5.19444
5.546291
5.286874
5.147079
5.48879
5.2646
4.985108
5.418788
5.317251
5.225456
5.418929
5.172693
5.281123
5.375655
5.429711
5.699209
5.194634
6.086153
5.267777
5.348813
5.151639
5.549316
5.131945
5.493025
5.627453
5.423417
5.096592
5.172184
5.344867
5.477414
5.077648
5.166276
5.234261
5.66835
5.442007
5.243087
6.066926
5.523167
5.407671
5.525919
5.230687
5.221415
5.427301
5.172107
6.768524
5.172825
5.151248
5.37838
5.947008
5.185798
5.139769
5.777157
5.618326
5.178973
5.529515
5.160018
5.503311
5.366903
5.157687
5.190805
5.560285
5.603442
5.179925
5.105782
5.616003
5.193073
5.397856
5.548332
5.743083
5.868475
5.231405
5.356275
5.471332
5.336572
5.666897
5.116298
5.250982
5.195855
5.114489
5.155788
5.460856
5.325093
5.685203
5.186241
6.002703
5.299082
5.179883
5.137111
5.671716
5.53057
5.169734
5.668512
5.555516
5.563755
5.104012
5.065413
5.243332
5.080699
5.409843
5.079427
5.487043
5.241879
5.170207
5.47384
5.528806
5.838005
5.621291
5.114715
6.255066
5.366186
5.307606
5.42823
5.390264
5.067783
5.158498
5.479427
5.872293
5.416093
5.666346
5.319188
5.420599
5.245048
5.193361
5.876151
5.665538
5.052266
5.556193
6.176536
5.375316
5.095306
5.694673
5.264987
5.279845
5.030159
5.148989
5.767791
5.791663
5.129949
5.194873
5.222971
5.712873
5.471306
5.163993
5.663502
5.510318
5.23712
5.472704
5.938416
5.626905
5.480422
5.174564
5.241664
5.561119
5.454001
5.605368
5.485579
5.329268
5.189509
5.647468
5.646531
5.21695
5.173662
5.24464
5.720562
5.325562
5.717951
5.159432
5.846761
5.185077
5.20774
5.156188
5.618439
5.552146
5.414261
5.18276
6.423675
5.430974
5.164716
5.177396
6.251793
5.840113
5.15917
5.617075
5.521019
5.328446
5.544073
5.641581
5.86246
5.123369
5.198354
5.725305
6.035616
5.171048
5.325983
5.215771
6.103937
5.145988
5.623382
5.477629
5.528438
5.41221
5.171709
5.537704
5.205265
5.152019
5.165269
5.237467
5.832416
5.154642
5.159447
5.379092
6.131511
5.691319
5.158952
5.549056
5.726518
5.429549
5.581998
5.260277
5.935754
5.274129
5.519066
6.662968
5.660506
5.191869
5.169485
5.521772
5.576303
5.519871
5.42861
5.425292
5.471393
5.529481
5.193717
5.715103
5.422906
6.112339
5.719457
5.736386
5.154268
5.603857
5.335042
5.882217
5.136568
5.177542
5.213943
5.632427
5.552643
5.369253
5.494932
5.170284
5.11853
5.65791
5.485927
5.224537
5.388793
5.587202
5.567702
5.481948
5.664742
5.628149
5.268945
5.424253
5.154829
5.710269
5.607828
5.404688
5.522966
5.23476
5.271308
5.21469
5.14346
5.80645
5.245636
5.115175
5.401343
5.160016
5.495162
5.161167
5.168764
5.226511
5.74991
5.350477
5.504316
5.762309
5.257698
5.959138
5.898072
5.147748
5.599693
5.20837
5.48746
5.340251
5.663548
5.170168
5.179359
5.443268
6.58594
5.514647
5.453338
5.721616
5.857828
5.60592
5.567926
5.707031
5.351061
5.566335
5.679098
5.604956
5.359602
5.613008
6.059756
6.356522
5.446642
5.832669
6.061036
6.141765
5.236402
5.535134
5.518094
5.815564
5.595341
5.642467
5.843759
5.391826
5.505741
5.178596
5.691792
5.614065
5.607907
5.309525
5.557902
5.423104
5.83557
5.595319
5.929805
5.855558
5.17395
5.320293
6.500663
5.332642
5.538218
5.197272
6.110532
5.252445
5.133832
5.915957
5.22639
5.1068
5.362478
5.684141
5.460876
5.557843
5.107813
5.103652
5.878473
5.530946
5.186697
5.195272
5.258676
5.547526
5.348017
5.335576
5.456717
5.17979
5.155198
5.14764
5.602571
5.305331
5.64846
5.249408
5.882907
5.272878
5.162307
5.19026
5.239267
5.237456
5.475798
5.567677
5.281446
5.155885
5.727768
5.576538
5.552323
5.448514
5.658589
5.194061
6.162564
5.300308
5.485958
5.582107
5.377742
5.135536
5.159836
5.747334
5.227117
5.147923
5.552447
5.568544
5.415353
5.154559
5.489913
5.20496
5.154585
5.169779
5.387228
5.180877
5.714505
5.139711
5.141461
5.411702
6.385026
5.075839
5.562384
5.486555
5.598505
5.463485
5.49731
5.296198
5.181178
5.334904
5.113431
5.895694
5.17288
5.124294
6.124006
5.97937
5.529419
5.594612
5.610605
5.548775
5.146755
5.57761
5.53175
5.568103
5.481382
5.361934
5.515087
5.500928
5.415082
5.401206
5.691128
6.141906
5.028257
5.39585
5.205645
5.219707
5.026261
5.363925
5.115358
5.458541
5.323169
5.500924
6.036211
5.225722
5.054573
5.143155
5.373287
5.687029
5.093465
5.166821
5.456265
5.238898
5.327812
5.165491
5.405813
5.220466
5.406908
5.66381
5.107497
5.233616
5.087444
5.152229
5.161072
5.415732
5.028972
5.13038
5.030208
5.233588
5.035064
5.301698
5.698812
6.163572
5.492486
5.184105
5.554903
5.309579
5.143713
5.678441
5.265225
5.253298
5.294322
5.386015
5.14209
5.403881
5.309151
5.456711
5.644754
5.647786
5.368157
5.494222
5.349615
5.668435
5.359955
5.969702
5.361151
5.471608
5.424208
5.854323
5.690462
6.435046
5.150561
5.165054
5.591701
5.88717
5.230314
5.54881
5.148208
5.309785
5.536955
5.436181
5.170324
5.661889
5.134352
5.385957
5.199787
5.861549
5.422315
5.681888
5.919068
5.245953
5.62952
5.144126
5.255567
5.712298
5.013664
5.143068
5.180839
5.454487
5.050213
5.108277
5.116033
5.215829
5.439533
5.357043
5.555705
5.701855
5.59617
5.435581
5.288433
5.56183
5.138402
5.18535
5.954208
5.619121
5.416222
5.156891
5.573354
5.762209
5.137345
5.630202
5.492286
5.779822
5.404619
5.17759
5.433403
5.840783
5.447788
5.538535
5.248297
5.520957
5.369096
5.166793
5.473247
5.486663
5.182929
5.648619
5.507203
5.503856
5.683289
5.523938
5.859238
5.322472
5.481966
5.1553
5.513069
5.343215
5.696357
5.443126
5.709649
5.442281
5.550257
5.170794
5.573654
5.320488
5.172706
5.155435
6.06117
5.142453
5.724007
5.210413
5.997028
5.577803
5.157024
5.188347
5.237026
5.121826
5.177435
5.369912
5.618214
5.150764
5.179288
5.577327
5.841269
5.154659
5.525797
5.518354
5.805449
5.321702
5.390165
5.971653
5.537351
4.96811
5.104268
5.104811
6.186502
5.040634
5.878475
5.386654
5.328983
5.218377
5.163362
5.279572
5.480924
5.489819
5.477364
5.708284
5.444988
5.153484
5.173635
5.418034
5.39788
5.160584
5.517365
5.562119
5.248465
5.527858
5.694496
5.372153
5.738012
5.090182
5.133937
5.439763
6.162967
5.129936
5.180031
5.195996
5.7157
5.596484
5.299438
5.862633
5.651834
5.645981
5.21332
5.668787
5.832543
5.578912
5.16634
5.501078
5.728838
5.467299
5.653443
5.232692
6.441585
5.155408
5.513276
5.818014
5.60107
5.176306
5.979476
5.643629
5.191139
5.180491
5.457115
5.276975
5.415252
5.538836
5.467869
5.56551
5.464797
5.526503
5.522248
5.250684
5.280728
5.151647
5.431747
5.474185
5.601908
5.22066
5.149569
5.600356
5.456756
5.721497
5.152542
6.797321
5.58048
5.218886
5.181337
5.713933
5.14637
5.17208
5.426717
5.431975
5.358385
5.177729
5.393057
5.659877
5.630343
5.531098
5.153575
5.243157
5.303696
5.595752
5.476908
5.81682
5.382146
5.149465
5.07222
5.549426
5.590979
5.051461
5.067304
5.647236
5.028269
5.088548
5.3199
5.912726
5.069942
5.695487
5.366392
5.726521
5.034184
5.075423
5.145806
5.577896
5.811598
5.389112
5.174498
5.383064
5.596198
5.176877
5.641915
5.96995
5.137461
5.16899
5.093609
5.258283
5.330221
5.664335
5.389657
5.228513
5.086771
5.514918
5.121379
5.742978
5.189947
5.109143
5.155806
5.322434
5.641829
5.685926
5.750733
5.878345
5.18398
5.481649
5.622272
5.242754
5.074268
5.141179
5.102993
5.500043
5.533203
5.532857
5.340688
6.081532
5.64835
5.138776
5.175838
5.603958
5.138312
5.787782
5.225599
5.264847
5.154495
5.171819
5.423107
5.78698
5.328329
5.14229
5.359573
5.368895
5.426724
5.176042
5.064785
5.690236
5.280939
5.38085
5.361319
5.282227
5.557381
5.325732
5.332365
5.784522
5.554062
5.253485
5.157298
5.324987
5.523306
5.904939
5.243733
5.592643
5.132251
5.199726
5.55784
5.752989
5.47261
5.283955
6.044163
6.201861
5.172299
5.669549
6.119947
5.754898
5.570209
5.584579
5.773932
5.302746
5.671844
5.137169
5.438646
5.472551
5.163302
5.617119
6.058404
5.350629
5.726381
5.70818
5.959244
5.367892
5.556437
5.179996
5.709031
5.278684
5.309989
5.179971
5.965283
5.312233
5.730503
5.420392
6.070988
5.121581
5.490234
5.866828
5.590492
5.505345
5.437575
5.416
5.237741
5.304436
5.315185
5.866099
5.55066
5.574104
5.153973
5.215763
5.774285
5.114962
5.152886
5.143066
5.60359
4.927361
5.078068
5.057185
5.235188
5.11218
5.310005
5.100522
5.719965
5.224705
6.150374
5.666444
6.263906
5.067934
5.493614
5.188263
5.717435
5.112397
5.200098
5.735357
6.240069
5.08536
5.127427
5.095212
5.246819
5.518001
5.412093
5.174225
5.469151
5.139056
5.168459
5.164024
5.442057
5.174026
5.530713
5.353253
6.110081
5.143573
5.540281
5.166411
6.073985
5.115719
5.702065
5.537551
5.589828
5.124311
5.866657
5.225206
5.699356
5.374923
5.156778
5.804415
5.636312
5.479381
5.10764
5.203255
5.591688
5.155015
5.175739
5.176067
6.390635
5.142945
5.197425
5.53709
5.453907
5.548854
5.652709
5.216656
5.262681
5.302864
5.199253
5.515617
5.236549
5.500758
5.529883
5.192128
5.24421
5.622418
5.177615
5.459052
5.517718
5.467021
5.199638
5.167149
5.2385
5.353938
5.166952
5.182907
5.241477
5.106895
5.1469
5.337615
5.460618
5.312304
5.135653
5.124277
5.238491
5.077551
5.095916
5.396913
5.214818
5.48195
5.315828
5.383439
5.226064
5.680563
5.445296
5.733871
5.686133
5.264268
5.905449
5.325996
5.572136
5.872311
5.802494
5.356276
5.770454
5.675979
5.496049
6.13649
5.551661
5.45251
5.515632
5.745407
5.238471
5.150227
5.386485
5.854249
5.899734
5.781146
5.980874
5.61279
5.564317
5.129984
5.420392
5.243989
5.64635
5.074787
5.480412
5.991398
5.615429
5.063291
5.131715
5.190973
5.434102
5.281981
5.882018
5.240613
5.688902
5.23543
5.160808
5.698306
5.442988
5.370872
5.288065
5.22813
5.545189
5.618683
5.083241
5.212693
5.192863
5.553944
5.099325
5.123347
5.64151
5.114485
5.097716
6.377871
5.955716
5.000787
5.594474
6.226316
5.515309
5.286862
5.045672
5.453005
5.733809
5.544908
5.663996
5.594913
5.144251
5.173693
5.145661
5.486823
5.531253
6.144584
5.747305
5.780785
5.56117
6.093793
5.607646
5.678069
5.135396
5.170746
5.527435
5.313312
5.562827
5.176928
5.165921
5.545402
5.131408
5.165723
5.486126
5.577596
5.140395
5.151545
5.408126
5.236103
5.46526
5.189743
5.126336
5.459205
5.367173
5.729708
5.4078
5.884281
5.522369
5.92322
5.517071
5.765037
5.150122
5.440187
5.18271
5.788091
5.128195
5.166785
5.161633
5.53036
5.697032
5.224214
5.147501
5.535684
5.153352
5.519066
5.167191
5.509185
5.462787
5.275971
5.200097
5.251209
5.325086
5.359169
5.539878
5.572878
5.156201
5.661079
5.595194
5.448968
5.396903
5.201437
5.440702
5.544714
5.571097
5.442209
5.672776
5.258207
5.587782
5.164755
5.139667
6.028748
5.498417
5.391453
5.936199
5.895384
5.653825
5.157651
5.197772
5.56356
5.394723
5.180324
5.454084
5.713108
5.441393
5.3413
5.367116
5.575922
5.163531
5.488554
5.469769
5.673421
5.571399
5.122504
5.571416
5.437317
5.345666
5.094994
5.177134
5.647125
5.34232
5.323662
5.687963
5.673245
5.495018
5.514818
5.55897
5.191449
5.626661
5.145561
5.469706
5.219238
5.573905
5.153436
6.185677
5.501998
5.118459
5.169753
5.21693
5.216596
5.513103
5.422357
5.217709
5.223702
5.144011
5.326821
5.198688
5.801085
5.140127
5.181675
6.237092
5.395442
5.517777
5.477381
5.709993
5.182609
5.540661
5.398908
5.81709
5.709828
5.206506
5.029623
5.158413
5.207262
5.086087
5.09636
5.327466
5.393942
5.354155
5.176508
5.535084
5.921459
5.43911
5.296966
5.18703
5.437379
5.569872
5.798894
5.739803
5.216124
4.980621
5.113891
5.170627
5.709886
5.14782
5.347255
6.093622
5.313774
5.617725
5.172707
5.189809
5.439962
5.130817
5.500044
5.213541
6.004527
5.460128
5.107578
5.517274
5.554916
5.146854
5.687315
5.792187
5.545545
5.673118
5.506962
5.785562
5.446433
5.111225
5.176398
5.268365
5.45039
5.415473
5.194976
5.240393
5.184148
5.618406
5.166405
5.770906
5.629659
5.096691
6.178599
6.006633
5.324221
5.170495
5.375997
5.85367
5.618728
5.143226
5.178203
6.166836
5.448279
5.80206
5.70484
5.742605
5.081079
5.189804
5.731537
5.840427
5.130979
5.35662
5.362586
5.777534
5.127991
5.749216
5.194115
6.014071
5.637624
5.900147
5.222128
5.331761
5.633339
5.143734
5.876522
6.35393
5.411836
5.190535
5.357381
5.906512
5.431632
5.640717
5.60828
5.116549
5.064268
5.434921
5.759843
5.436864
5.404191
5.406651
5.574201
5.140613
5.15636
5.18078
5.239347
5.862239
5.371509
5.033356
5.389767
5.272528
6.110555
5.175416
5.793521
5.371775
5.586589
5.006952
5.463196
5.231354
5.337399
5.476719
5.765268
5.162979
5.04347
5.0709
5.576284
5.464976
5.138178
5.394387
6.06863
5.374808
4.955301
5.519652
6.314614
5.177473
5.078056
5.259536
5.231181
5.452404
5.678715
5.492987
5.626242
5.866421
5.297598
5.105959
5.274095
5.544778
5.414726
5.308306
5.452861
5.264017
5.507672
5.241735
5.465884
5.715521
5.511539
5.235291
5.686089
5.472908
5.061392
5.012379
5.341406
5.133548
5.16977
5.098821
5.546363
5.158844
5.555268
5.506732
5.548045
5.806335
5.473022
5.477752
6.128603
5.4587
5.066167
5.288444
5.293131
5.27654
5.03103
5.099492
5.259956
5.500902
5.090069
5.401126
5.253599
5.847744
5.617409
5.1792
5.253565
5.425031
5.735885
5.582864
6.103898
5.551557
5.359482
5.694911
5.283248
5.234656
5.713632
5.158266
5.906089
5.392306
5.412503
5.1483
5.435843
5.561944
5.533346
5.191828
5.274821
5.617086
5.140436
5.697804
5.653468
5.385418
5.137587
5.486918
5.712884
5.579388
5.390558
5.392914
5.248926
5.566977
5.164063
5.665744
5.276932
5.031809
5.101826
5.049332
5.807939
5.026293
5.062221
5.136377
5.575149
5.661973
5.115261
5.863169
5.727474
5.405281
5.083731
5.201525
5.326663
5.212974
5.395985
5.200756
5.403107
5.465927
5.11574
5.470023
5.559381
5.418104
5.11121
5.134263
5.250984
5.469082
5.693063
5.061115
5.250634
5.134588
5.467479
5.245801
5.581917
5.167988
5.932344
5.059019
5.757954
5.333681
5.071012
5.177516
5.364134
5.115888
5.302243
5.325111
5.183179
5.184489
5.359233
5.142938
5.15972
5.315906
4.921868
5.417942
5.152795
5.676957
5.024402
5.138327
5.46138
5.422432
5.421097
5.169994
5.074133
5.256669
5.029572
5.054605
5.303987
6.078579
5.034918
5.090808
5.047902
5.23634
5.072182
5.094443
5.066497
5.337581
5.442151
4.965492
5.070378
5.21923
5.858867
5.403155
5.099965
5.204978
5.41001
5.444746
5.078273
5.219398
5.240236
4.952338
5.577928
5.501592
5.472044
5.546421
5.620886
5.455495
5.599327
5.027508
5.218991
5.488112
5.877929
5.100409
5.648765
5.218515
5.604041
5.510146
5.596101
5.910205
5.555676
5.493288
5.29094
5.419888
5.315989
5.480656
5.176801
5.598245
5.616441
5.451311
5.310865
5.306664
5.604133
5.156773
5.704403
5.44071
5.483209
5.127564
5.101279
5.257479
5.369449
5.270758
5.10402
5.599666
5.319319
5.082473
5.302691
5.740716
5.264338
5.092016
5.168974
5.188904
5.402887
5.021766
5.734484
5.230042
5.449537
5.376368
5.064035
5.193244
5.273773
4.961423
5.097202
5.45967
5.257929
5.063252
5.653481
5.158313
5.796222
5.474618
5.60583
5.523482
5.993785
5.13675
5.207753
5.459786
5.656047
5.574319
5.457396
5.609668
5.418378
5.148774
5.731547
5.543028
5.579611
5.328133
5.326518
5.697851
5.244276
5.127333
5.749733
5.779733
5.653714
5.640559
5.139017
5.248331
5.541988
5.423718
5.420772
6.083043
5.559431
5.150558
5.329581
5.701368
5.493196
5.167271
5.589632
5.596663
5.305276
5.601488
5.113469
5.64196
5.541499
5.411454
5.326653
5.378099
5.401309
5.194337
5.241011
5.244771
5.279493
5.442193
5.34471
5.340082
5.147141
5.521103
5.547701
5.791401
5.478427
5.589056
5.288583
5.800948
5.450555
5.181708
5.183666
5.255744
5.409014
5.676137
5.590183
5.294626
5.157313
5.667313
5.56657
5.405427
5.447288
5.357244
5.477649
5.292276
5.605952
5.358894
5.536055
6.048008
5.52195
5.161351
5.150017
5.621749
5.666124
5.456693
5.173888
5.284196
5.595738
5.171634
5.163013
5.548638
5.326097
5.445047
5.160194
5.618017
5.486076
5.180356
5.404046
5.437558
5.093047
5.123616
5.399065
6.126412
5.46978
5.175675
5.172485
5.256133
5.159616
5.188144
5.577845
5.273245
5.508585
5.166699
5.598628
5.686971
5.151508
5.223671
5.170514
5.906924
5.326637
5.159096
5.330194
5.205324
5.232421
5.512506
5.41113
6.251866
5.081839
5.385006
5.202861
5.953056
5.077576
5.12127
5.353656
5.471823
5.147105
5.182282
5.239483
5.43547
5.419586
5.141043
5.488391
5.611228
5.370259
5.181025
5.17216
5.661797
5.380794
5.472665
5.135212
5.867501
5.125806
5.137614
5.152402
5.616708
5.379283
5.343468
5.373297
5.273524
5.149419
5.712517
5.326123
5.513592
5.800637
5.197547
5.136738
5.254352
5.164597
5.775494
5.341653
5.430322
5.353909
5.157487
5.55994
5.712358
5.3117
5.698049
5.102237
5.257981
5.15865
5.586443
5.245203
5.258195
5.165136
5.62048
5.175132
5.248174
5.178678
5.738823
5.325628
5.771613
5.710244
5.146944
5.020114
6.249951
5.303011
5.475839
5.240395
5.551184
5.402329
5.660229
5.426717
7.126352
6.073575
5.541139
5.538703
5.354485
5.123468
5.170819
5.335414
6.104387
5.148005
5.174831
5.357105
5.703146
5.666833
5.50598
5.533654
6.252454
5.520703
5.158729
5.746229
5.784039
5.12321
5.445105
6.113212
5.683788
5.870926
5.527745
5.631979
5.310051
5.550361
5.631086
6.310714
5.274184
5.626852
5.068118
6.133441
5.094804
5.132006
5.496622
5.761341
5.424523
5.194743
5.375549
5.368369
5.031065
5.401709
5.085817
5.459949
5.37305
5.117883
5.094195
5.582691
5.521488
5.290017
5.68058
5.646664
5.455207
5.102562
5.39256
6.497608
5.075443
5.207503
5.037131
5.94296
5.063534
5.146603
5.087361
5.457178
5.376295
5.062624
5.292635
5.25172
5.645652
5.133008
5.121018
6.20774
5.659483
5.592942
5.360124
5.477412
5.308524
5.482944
5.748056
6.098539
5.304903
5.135746
5.373972
6.191064
5.430555
5.495653
5.175267
5.43047
4.996644
5.091248
6.199147
5.435673
5.51654
5.383449
5.268465
5.550052
5.402749
5.173645
5.540447
5.895472
5.844208
5.126632
5.390995
5.317087
5.577947
5.415323
5.622127
5.350227
5.491093
5.127285
6.164328
5.378751
5.671409
5.399583
5.267107
5.174342
5.715246
5.158319
5.841667
5.614605
5.126851
5.460253
5.639844
5.303915
5.017776
5.026628
5.203477
5.135835
5.432553
5.068867
5.613088
5.279965
5.179663
5.248333
5.687749
5.219155
5.014301
5.501128
5.245025
5.269522
5.676908
5.088564
5.214054
5.215157
5.469296
5.149699
5.632277
5.496634
5.122869
5.267823
5.741176
5.642096
5.116964
5.200761
5.410775
5.572114
5.156831
5.672329
5.717088
5.287215
5.451281
5.47525
5.238074
5.690917
5.51897
5.577858
5.394504
5.43643
5.119028
5.519133
5.525594
5.202245
5.233115
5.635859
5.719354
5.615047
5.665908
5.183047
5.735306
5.579194
5.871715
5.500876
5.28025
5.182357
5.160812
5.174221
5.264036
5.173471
5.168817
5.141233
5.287581
5.523368
5.688692
5.399776
6.444664
5.140826
5.448923
5.116519
5.971629
5.233589
5.615814
5.226991
5.779923
5.102898
5.13736
5.099676
5.668305
5.176654
5.032795
5.372323
5.972993
5.204039
5.137877
5.054046
5.87458
5.155891
5.730118
5.41373
6.534305
5.324391
5.169956
5.150825
5.863944
5.116487
5.179532
5.579854
5.265172
5.14397
5.155107
5.084521
5.269606
5.159331
5.138611
5.416619
5.354488
5.181394
5.039176
5.407968
5.218443
5.505317
5.712121
5.576693
6.880446
5.661535
5.141009
5.08474
5.499687
5.32867
5.937325
5.151431
5.737208
5.148845
5.148943
5.146938
5.590699
5.417937
5.493142
5.502903
5.641425
5.22013
5.136394
5.168263
5.289284
5.430854
5.176013
5.14539
5.902841
5.364862
5.100814
5.387167
5.793629
5.213049
5.187261
5.090824
5.814391
5.384161
5.158237
5.426072
5.565448
5.46491
5.469601
5.477449
5.512218
5.441979
5.114769
5.082329
5.46948
5.540363
5.131457
5.543622
5.404079
5.808548
5.419267
5.099287
5.262858
5.350899
5.459891
5.529037
5.314613
5.422934
6.026847
5.22234
5.931526
5.382066
5.419569
5.695161
6.244847
5.583107
5.116083
5.194341
5.801131
5.329432
5.167582
5.587156
6.376261
5.708827
5.51003
5.351568
5.726814
5.644388
5.627493
5.565653
5.859648
5.105191
5.52151
5.207793
5.261707
5.63602
5.17238
5.489659
5.587575
5.330655
5.595254
5.244933
5.635565
5.166049
5.742278
5.971014
5.381311
5.776372
5.169051
5.270217
5.477232
5.623883
5.720358
5.569942
5.458123
5.525546
5.174949
5.624549
5.251318
5.165834
5.159786
5.275586
5.650836
5.609696
5.149761
5.581802
5.401103
5.785246
5.528769
5.686543
5.338711
5.439704
5.745192
5.229581
5.510217
5.473614
5.649497
5.228847
5.12353
5.462967
5.567107
5.288985
5.125894
5.171823
5.173543
5.533225
5.638839
5.190551
5.857482
5.945514
5.413003
5.670846
5.528001
5.841131
5.496807
5.386991
5.832917
5.209489
5.324218
5.165841
5.680627
5.567107
5.502832
5.356428
6.018281
5.420205
5.18729
5.342916
5.409111
5.48414
5.670864
5.257157
5.706286
5.440106
5.174716
5.100195
5.426696
5.129195
5.083516
5.115321
5.689728
5.514709
5.190605
5.923254
5.470242
5.345333
5.245671
5.552406
6.275595
5.794952
5.627969
5.078012
5.674152
5.475322
5.185774
5.523639
5.878931
5.301597
5.210098
5.674394
5.42909
5.535849
5.079312
5.357094
5.451793
4.980446
5.071062
5.225596
5.775852
5.569001
5.162813
5.160197
6.103453
5.26738
5.361776
5.547616
5.77759
5.09595
5.206554
5.394002
5.621718
5.106253
5.435643
5.567508
5.48754
5.550642
5.626884
5.477143
5.706186
5.456362
5.160118
5.219672
5.31841
5.357585
5.196369
5.272527
5.519629
5.123134
5.991205
5.497372
5.381479
5.118099
5.699207
5.350282
5.684861
5.160055
5.166219
5.679612
5.203382
5.141987
5.465407
5.567556
5.576516
5.353817
5.137394
5.211754
5.535446
5.438411
5.629243
5.351466
5.60287
5.157831
5.766781
6.010414
5.513984
5.167799
5.431899
5.880837
5.39277
5.284167
5.571047
6.526346
5.285359
5.446298
5.53673
5.433393
5.490692
5.153306
5.435875
5.773337
5.104665
5.155418
5.182057
6.066762
5.634399
5.368839
5.538313
5.426751
5.087779
6.175319
5.555903
5.753407
5.251759
5.077023
5.228214
5.490676
5.136751
5.316328
5.119024
5.605523
5.543901
5.117899
5.463936
6.003115
5.264126
5.515476
5.473094
5.982691
5.367998
5.491741
5.201549
6.088639
5.320902
5.223291
5.783307
5.180821
5.395014
5.486699
5.426656
5.498345
5.384007
5.19032
5.784556
6.069413
6.389946
5.633149
6.152728
5.026599
5.427573
5.121185
5.668246
5.098635
5.165045
5.552549
5.543093
5.324382
5.181914
5.165998
5.660124
5.209568
5.347218
5.517417
5.703746
5.496109
5.961463
5.168396
5.691636
5.578707
5.584825
5.173846
5.828564
5.180374
5.814812
5.401417
6.020739
5.710569
5.810972
5.196777
5.533901
5.594335
5.142986
5.458381
5.23475
5.468394
5.150673
5.759002
5.215481
5.523011
5.157723
5.851362
5.177361
5.534037
5.630382
5.229372
5.66024
5.142905
5.501044
5.413064
5.162387
5.14034
5.111768
5.585472
5.540261
5.91747
5.261705
5.22427
5.280273
5.181555
5.11304
5.190427
5.568665
5.125271
5.139229
5.468794
5.279912
5.429103
5.1467
5.759648
5.776589
5.524075
5.66328
5.632315
5.402063
5.432954
5.435263
5.558141
5.522512
5.30912
5.122404
5.641878
5.351062
5.18986
5.424158
5.957258
5.390967
5.592906
5.168989
6.116937
5.422084
5.656332
5.438433
5.864201
5.404716
5.157954
5.443949
5.619503
5.501756
5.159919
5.152772
6.104746
5.500359
5.500022
5.741892
6.200655
5.660908
5.617239
5.728165
5.907783
5.552346
5.175501
5.710246
5.241826
5.417354
5.578308
5.210088
5.429194
5.522318
5.151927
5.602289
5.379437
5.173503
5.452525
5.475057
5.6286
5.691735
5.355604
5.880845
5.175462
5.976338
5.459119
5.350026
5.513482
5.489906
5.353509
5.593462
5.553895
5.441476
5.412077
6.249182
5.644727
5.470366
5.120591
6.153858
5.151227
5.168028
5.402219
5.559874
5.427208
5.890106
5.702593
5.567029
5.524441
5.634403
5.485561
5.449485
5.152508
5.436668
5.378031
5.690519
5.643173
5.15577
5.223263
5.608317
5.14483
5.124013
5.450054
5.601276
5.592138
5.343553
5.338178
6.533886
5.134853
5.518463
5.896605
5.758292
5.614892
5.137186
6.038606
5.427901
5.236001
5.134958
5.490057
5.532102
5.596235
5.193684
5.26302
5.161976
5.434
5.467336
5.316704
5.245916
5.144497
5.354343
6.186549
5.087402
5.074458
5.778768
5.249768
5.091458
5.505283
5.128789
5.814864
5.158185
5.185915
5.33789
5.872077
5.349545
5.193789
5.138103
5.266227
5.505073
5.360808
5.114092
5.733085
5.363186
5.225887
5.169136
5.445298
5.627384
5.645057
5.885557
5.900996
5.687915
5.172029
5.147755
5.248941
5.620165
5.137659
5.668013
5.23605
5.718076
5.167242
5.334797
5.565887
5.458066
5.524303
5.249741
5.994831
5.637178
5.7058
5.194759
5.711035
5.658513
5.216149
5.484875
5.729796
5.17662
5.51614
5.276849
5.210676
5.775786
5.511223
5.454909
5.246476
5.166429
5.347985
5.197113
5.211518
5.352715
5.436782
5.320276
5.974038
5.723535
5.532331
5.222582
5.517416
5.404951
5.487722
6.067605
5.783283
5.676682
5.132983
5.463478
5.43272
5.178057
5.587147
5.571605
5.854065
5.16717
5.475724
5.426164
5.499242
5.211741
5.202175
5.850543
5.21368
5.310478
4.978607
5.764771
5.253519
5.621657
4.967573
5.487855
5.165585
5.104998
5.34913
5.23806
5.720968
5.647354
5.110534
6.085502
5.074783
5.08816
4.942135
6.012661
5.314527
5.734939
5.188804
5.269475
5.121068
5.123507
5.143854
5.507088
5.742835
5.536153
5.134772
5.317347
6.022828
5.407772
5.132784
5.485562
5.615809
6.254217
5.974878
5.279063
5.40483
5.176956
5.184243
5.256814
5.506077
5.180516
5.436069
5.631311
5.58372
5.198381
5.153623
5.46671
5.790544
5.4353
5.716676
5.641814
5.340347
5.467347
5.335438
5.78963
5.434616
5.17357
5.170774
5.761757
5.511332
5.193994
5.357752
5.952587
5.163835
5.163326
5.477403
5.576728
5.405325
5.259694
5.691584
6.113078
5.118349
5.606823
5.185745
5.575067
5.083974
5.644631
5.453381
5.410303
5.15701
5.128491
5.490791
5.650721
5.162986
5.936136
5.189755
5.761959
5.650654
5.752161
5.236724
5.62282
5.172631
5.167849
5.198506
5.216794
5.224975
5.604297
5.190966
5.899358
5.158156
5.53022
5.724885
5.187901
5.666883
5.139008
5.472006
5.394026
5.151103
5.131049
5.442849
5.872619
5.157012
5.573589
5.587213
5.779891
6.440972
5.604628
5.511761
5.48754
5.159505
5.445295
5.741286
5.460822
5.184929
5.143477
5.668386
5.61375
5.744332
5.14923
5.261119
5.446043
5.154345
5.688478
5.254266
5.743005
5.423443
5.149669
5.493161
5.480035
5.183602
5.129012
6.48949
5.523738
5.189533
6.061759
5.663747
5.160062
5.643757
5.612204
5.386037
5.582388
5.449543
5.695338
5.425265
5.203849
5.533411
5.122685
5.232445
5.136038
5.356616
5.605909
5.600584
5.061086
5.171008
5.15725
5.386764
5.393426
5.446648
5.676138
5.946677
5.134597
5.565952
5.168454
5.765736
5.15226
5.428877
5.188193
6.47946
5.639128
5.143149
5.535009
5.91057
5.55331
5.295792
5.959484
5.472353
5.5399
5.156837
5.211047
5.671654
5.49271
5.260593
5.56868
5.310428
5.53761
5.141061
5.207255
5.330236
5.151449
5.140281
5.205402
5.312815
5.158326
5.816235
5.487499
5.203394
5.180494
5.482944
5.183033
6.398125
5.174754
5.228786
5.502854
6.022768
5.505876
5.156489
5.764585
5.223426
5.167728
5.082129
5.155408
5.236012
5.073716
5.495579
5.136899
5.943118
5.549399
5.571566
5.1455
5.654778
5.36175
5.291735
5.202774
5.43433
5.35274
5.113156
5.427557
5.67102
5.520986
5.454812
5.429039
5.567086
5.627037
5.382296
5.583876
5.443661
5.744279
5.235078
5.793588
5.510561
5.335856
5.532228
5.444044
5.264183
5.774259
5.14468
5.65104
5.653139
5.187004
5.378051
5.937332
5.319924
5.396412
5.518223
5.442848
5.518802
5.187848
5.511144
5.669941
5.413144
5.217966
5.360395
5.272142
5.294687
5.408105
5.59261
5.837413
5.388227
5.394502
5.533023
5.786172
5.138293
5.564166
5.20357
5.558765
5.276545
5.553628
5.3102
6.176299
5.16039
5.164319
5.174446
5.912532
5.140583
5.180967
5.197983
6.113636
5.52656
5.860063
5.210146
6.5507
5.529369
5.236987
5.784367
5.17972
5.168363
5.148428
5.475413
5.67949
5.551685
5.355939
5.254558
5.198984
5.483145
5.152093
5.231043
5.858483
5.163524
5.453092
5.25201
5.199182
5.140533
5.519948
5.617733
5.359941
5.315886
5.132997
5.211202
5.472323
5.109985
5.542544
5.224003
5.230763
5.890175
5.612832
5.288554
5.540392
5.628674
5.549328
5.643601
5.682535
5.518202
5.453326
5.249522
5.596531
5.190887
5.09126
6.089237
5.572369
5.163043
5.354701
6.346385
5.539484
5.168155
5.166723
5.23357
5.496278
5.197967
5.160244
5.561321
5.518384
5.134294
5.142351
5.276726
5.143685
5.666585
5.149888
5.582135
5.622756
5.143804
5.378389
6.006584
5.147923
5.445066
5.15917
6.12399
5.133553
5.477843
5.472027
5.254372
5.423379
5.125561
5.370255
6.212712
5.08429
5.426306
5.227788
5.377745
5.664512
5.490285
5.344212
5.791691
5.155674
5.399752
5.384529
5.405007
5.799562
5.154975
5.158063
5.730003
5.138404
5.143085
5.521093
5.248454
5.550094
5.129062
5.127237
5.603218
5.209588
5.615897
5.355303
5.859036
5.44064
5.406444
5.113604
5.673096
6.554458
5.404628
5.348756
5.658198
5.334804
5.788191
5.630007
5.542064
5.148549
5.074736
5.189977
5.430902
5.543743
5.254117
5.229635
5.489421
5.454307
5.266647
5.696846
5.392638
5.148061
5.1986
5.20339
5.795927
5.359744
5.068377
5.127392
5.733929
5.404619
5.291225
5.709074
5.158968
5.1786
5.127738
5.154167
5.554234
5.454288
5.499994
5.22378
5.397212
5.454582
5.663744
5.472154
5.471696
5.43738
5.157077
5.21373
5.211265
5.425677
5.512227
5.568902
5.562697
5.330346
5.293343
5.224768
5.272171
5.711473
5.313585
5.572242
5.613623
5.177789
5.650895
5.239932
5.721616
5.324317
5.375293
5.850115
5.738394
5.162576
5.131251
5.491048
5.206034
5.585513
5.123966
7.011076
5.128859
5.497883
5.101446
5.693161
5.80958
5.490469
5.196217
5.283811
5.4785
5.399488
5.535564
5.629608
5.163515
5.459397
5.506965
5.243935
5.409301
5.37694
5.561589
5.983289
5.769127
5.146667
5.398516
5.964656
5.397485
5.392646
5.699235
5.749057
5.416144
5.601054
5.238685
5.659469
5.704906
5.674799
5.58418
5.539974
5.299931
5.309757
5.820551
5.26809
5.146088
5.091592
5.855541
5.169568
5.712027
5.154992
5.550802
5.304115
5.695011
5.138396
5.956963
5.653267
5.186917
5.577651
5.244701
5.564425
5.43073
5.147455
6.156923
5.11338
5.122835
5.517105
5.282919
5.610988
5.522291
5.693303
5.559718
5.592737
5.179845
5.191408
5.538265
5.606306
5.558823
5.688623
5.803587
5.62516
5.321878
5.765434
5.192561
5.400531
5.215659
5.841316
5.323926
5.18452
5.093163
5.239194
5.203947
5.830647
5.133343
5.208255
5.633071
5.332075
5.117072
5.206726
5.627294
5.178249
5.478603
5.191722
5.209147
5.178109
5.399038
5.555095
5.698343
5.175463
5.147981
5.734421
5.822252
5.430611
5.143058
5.984205
5.368372
5.176921
5.150261
5.390152
5.718236
5.165009
5.564574
5.451141
5.932162
5.335355
5.143126
5.469051
5.89173
5.503823
5.296762
5.568469
5.623695
5.350824
4.950322
5.256907
5.491078
5.609028
5.531929
6.479808
5.573472
5.165349
5.085118
6.260489
5.089805
5.161104
5.09482
5.262905
5.328588
5.65203
5.038877
5.78507
5.581073
5.203681
5.440734
5.258889
5.431685
5.164162
5.400967
5.53331
5.17136
5.158417
5.119703
5.574678
5.27145
5.180241
5.125195
5.606757
5.202106
5.177485
5.13136
5.444409
5.857594
5.425786
5.492109
6.071564
5.451118
5.198267
5.358809
5.257658
5.121485
5.046873
5.080328
5.260984
5.289161
5.782513
5.105224
5.42481
5.703097
5.370944
5.507954
5.407535
5.845922
5.958152
5.465384
5.44576
5.129272
5.645023
5.452528
5.404231
5.49152
5.144307
5.095607
5.948698
5.498321
5.107653
5.078248
6.152771
5.322525
5.16833
6.011414
6.067016
5.121877
5.731075
5.303381
5.757332
5.292431
5.340294
5.165694
5.417781
5.067983
5.160629
5.320775
5.467839
5.220773
5.122605
5.26157
5.255127
5.343919
5.904924
5.760609
5.58573
5.558648
5.855787
5.340778
5.610661
5.154673
5.780088
5.143574
5.528719
5.220632
5.338447
5.168906
5.366036
5.413089
5.155027
5.783881
5.234289
5.343154
5.470291
5.86981
5.484097
5.599863
5.113008
5.153386
5.961824
5.715013
5.525451
5.72995
5.647534
5.579267
5.17084
5.209005
5.360034
5.717947
5.099954
5.197682
5.587353
5.587402
5.141672
5.216345
5.203581
5.141521
5.140464
5.210337
5.409775
5.488572
5.175225
5.504159
5.236201
5.093658
5.511725
5.186897
5.624273
5.572964
5.325951
5.366582
5.181247
4.984926
5.154997
5.923966
5.678291
5.292744
5.115074
5.645948
5.951048
5.497691
5.151996
5.234183
5.578615
5.631853
5.363011
5.240651
5.272351
5.558766
5.077119
5.205625
5.587723
5.19934
5.31587
5.670259
5.336848
5.192981
5.190101
5.775291
5.210294
5.197187
5.411277
5.190817
5.543805
5.132229
5.158332
5.364264
5.692649
5.134483
5.40535
5.229693
5.550583
5.146454
5.143403
5.665212
6.191182
5.174012
5.14099
5.513059
5.857956
5.212681
5.295666
5.389235
5.879665
5.848251
5.133463
5.257259
5.21941
5.458606
5.153149
5.256093
5.182151
5.417592
5.207758
5.696203
5.198368
5.439816
5.380774
5.230373
5.467196
5.526191
5.430073
5.244067
5.177613
5.178346
5.631615
5.252516
5.791952
5.360017
5.090519
5.448152
5.572111
5.182627
5.237882
5.250828
5.313328
5.114793
5.126882
5.205972
5.212212
5.176685
5.377325
5.220698
5.408505
5.480629
5.373453
5.636619
5.388412
5.152051
5.472693
5.236369
5.273328
5.869925
5.120947
5.221304
5.670639
5.319584
5.14705
5.210721
5.568802
5.204401
5.166025
5.564716
5.516794
5.320309
5.230232
5.458356
5.203962
5.318427
5.559295
5.178274
5.458719
5.143173
5.139502
5.384387
6.426244
5.486179
5.125496
5.617268
5.823101
5.163272
5.293375
5.845008
5.795352
5.147114
5.121778
5.746238
5.555589
5.344319
5.087163
5.862071
5.533204
5.180258
5.220286
5.896895
5.280036
5.43585
5.103774
5.291147
5.500001
5.770792
5.252158
5.391093
5.220812
5.150702
5.045816
5.242415
5.131843
5.12905
4.992817
5.221878
6.048676
5.150424
5.095111
5.18937
6.182095
6.360971
5.007905
5.750531
5.359985
5.494699
5.618467
5.419203
5.383865
6.069816
5.158253
5.814908
5.409177
5.447337
5.156152
5.588185
5.297414
5.264979
5.11539
5.78477
5.622173
5.126999
5.092113
6.432899
5.346458
5.242826
5.441311
5.544224
4.96236
5.142597
5.399363
5.280901
5.134278
5.508551
5.133361
5.296169
5.069908
5.309866
5.425462
5.431132
5.242943
5.087741
5.15833
5.247967
5.178187
5.661059
5.682335
5.789315
5.733712
5.439583
5.461127
5.763732
5.283332
5.745369
5.152334
6.195252
5.366882
5.168291
5.059817
5.254279
5.137448
5.124184
5.067227
5.521008
5.160126
5.19135
5.083813
5.262162
5.653957
5.141748
5.472037
5.255483
5.526303
5.473632
5.391903
5.186563
5.449286
5.158151
4.946514
5.168622
5.580762
5.392707
5.227867
5.210897
5.606031
5.20394
5.560764
5.64776
5.898257
5.774574
5.292809
5.900938
5.761503
5.751102
5.421392
5.503355
5.391117
5.381219
5.335388
5.507195
5.417906
5.421591
5.412027
5.252058
5.146786
5.167484
5.151229
5.349635
5.14871
5.695876
5.63854
5.818678
5.466375
5.525999
5.478635
5.829812
5.358181
5.203197
5.160028
6.033458
5.621202
5.501627
5.166032
5.508876
5.505393
5.165148
5.16906
6.074117
5.719376
5.340024
5.360178
5.834491
5.6999
5.504375
5.337581
5.684686
5.152063
5.514178
5.255945
5.692541
5.15273
5.684393
5.894203
5.512189
5.805647
5.316113
5.417438
5.74575
5.589357
5.1624
5.466308
5.20442
5.207482
5.653382
5.257309
5.608153
5.150588
5.575501
5.253931
5.703334
5.372689
4.986157
5.534179
5.658137
6.025201
5.681355
6.280352
5.356432
5.453255
5.177876
5.255261
5.151272
5.715322
5.305624
5.516695
5.453111
5.192923
5.40723
5.765067
5.152488
5.363104
5.352098
5.421525
5.421237
5.234571
5.206316
5.601215
5.578259
5.169485
5.182772
5.551877
5.398869
5.457979
5.14805
5.27246
5.156209
5.696904
5.191207
5.670537
5.243823
5.183237
5.344295
5.791321
5.488374
5.186727
5.506022
5.815392
5.155057
5.501606
5.608902
5.54978
5.155948
5.409774
5.670753
5.904513
5.155986
5.848179
5.345338
6.042989
5.18145
5.143728
6.006308
5.491476
5.898776
5.162738
5.240444
5.570985
5.547148
5.132779
5.519071
5.588098
6.101252
5.152908
5.269118
5.570122
5.674899
5.519288
5.240324
5.171504
5.177112
5.151095
5.48515
5.393971
5.173421
5.527698
5.240083
5.22999
5.609949
5.563125
5.27891
6.004481
5.218482
5.140821
5.690042
5.176163
5.153444
5.140019
5.215969
5.913048
5.506643
5.471255
5.575358
5.579789
5.692011
5.137946
5.654325
5.372855
5.450455
5.166229
5.745579
5.730831
5.490737
5.718477
5.563747
5.345389
5.157124
5.135944
5.244615
5.546515
5.439743
5.075116
5.648268
5.644382
6.092181
5.043096
5.896423
5.464343
5.190884
5.186934
5.244864
5.057491
5.502636
5.132591
5.21159
5.197508
5.504134
5.048909
5.637864
5.544448
5.110039
5.12697
5.821625
5.453095
5.075212
5.027266
5.559678
5.204096
5.41465
5.070693
5.269988
5.468494
5.694109
5.604141
6.399843
5.310469
5.831106
5.519885
5.573915
5.604102
5.354955
5.150599
5.365039
5.324038
5.144265
5.32059
5.697501
5.097278
5.377254
5.110513
5.260886
5.240221
5.150007
5.083566
5.259826
5.523656
5.469284
5.588356
6.595603
5.00141
5.112411
5.101539
6.009335
5.033099
5.387648
5.502954
5.465425
5.020712
5.153866
5.076028
5.59271
5.486219
5.170711
5.406894
6.228179
5.566751
6.026348
5.19413
5.638064
5.547602
5.229942
5.164615
5.311653
5.728756
5.38548
5.168397
6.300071
5.15397
5.544823
5.616016
5.610636
5.156578
5.126368
5.205546
5.453287
5.481436
5.276143
5.219218
5.597527
5.557578
5.447159
6.123212
5.208127
5.684647
5.128995
5.708968
5.660002
5.189594
5.481627
5.24876
5.806682
5.192075
5.130733
5.241527
5.662478
5.168901
5.681944
5.256613
5.178574
5.149606
5.580544
6.160934
5.537251
5.572805
5.340421
5.962491
5.547981
5.794667
5.213858
5.468701
5.595085
5.555662
5.171485
5.306454
5.115959
6.109301
6.024784
5.617102
5.120799
5.50875
5.784924
5.233155
5.174363
5.406106
5.155954
5.954853
5.174449
5.14528
5.638468
5.875503
5.520649
5.502136
5.653417
5.502183
5.519127
5.078062
5.749492
5.533083
5.421301
5.040544
5.449027
5.148262
5.97517
5.067868
5.467727
5.61171
5.700109
5.081787
5.760105
5.765481
5.361879
5.432421
5.50697
5.657585
5.546224
5.032407
5.401772
5.235177
5.360315
5.456578
5.794145
5.310184
5.806566
5.480473
6.019709
5.217391
5.181827
5.934909
5.393678
5.080519
5.171036
5.106402
6.040369
5.159521
5.566518
5.496761
5.938807
5.160968
5.189806
5.341506
6.044929
5.525914
5.366251
5.640546
5.594775
5.857909
5.164642
5.555789
5.22691
5.774832
5.321326
5.646392
5.206407
5.639534
5.542295
5.744226
5.581305
5.342821
5.471546
5.811366
5.438186
5.700482
5.062503
5.900427
5.388959
5.082039
5.024905
6.507657
5.224407
5.522904
5.917467
5.486182
5.143702
5.151121
5.15725
6.281909
5.363467
5.22788
5.182214
5.617112
5.34718
5.352219
5.618156
5.642132
5.138727
5.177512
5.510566
6.126595
5.623832
5.714281
5.55609
5.524227
5.549836
5.099638
5.704926
5.2451
5.958169
5.031771
5.223094
5.441673
5.636844
5.242273
5.541762
6.193494
5.190088
5.096455
5.246996
5.577907
5.614751
5.617537
5.607375
5.583166
5.453404
5.117054
5.533968
5.251009
5.161412
5.14367
5.832266
5.633862
5.347481
5.768506
5.366048
5.206928
5.746909
5.088169
5.599784
5.187581
5.174555
5.161819
5.256763
5.642075
5.511934
5.478716
5.332209
5.580206
5.439694
5.176681
6.122882
5.442741
5.488662
5.441234
5.425605
5.274577
5.804477
5.204021
6.084479
5.151799
5.480845
5.193115
5.436356
5.525991
5.557264
5.579487
5.631397
5.428702
5.140992
5.538023
5.221995
5.402758
5.848024
5.760829
5.806784
5.197316
5.150957
5.788334
5.451588
5.529159
5.139771
5.419769
5.502301
5.327165
5.450221
5.439079
5.185533
5.559122
5.564355
5.253706
5.208273
5.662638
5.139574
6.144268
5.177786
5.447577
5.778535
5.25221
5.415335
5.538221
5.129424
5.854555
5.178476
5.462926
5.166814
5.390538
5.540754
5.536397
5.156221
5.256163
5.446915
5.147855
5.590877
5.246105
5.184956
5.491486
5.442214
5.247346
5.600528
5.574581
5.421031
5.346547
5.647111
5.46105
5.11438
6.761444
5.415314
6.473079
6.074072
5.534168
5.627292
5.19014
5.912967
5.58723
5.379487
5.04303
5.175081
5.484728
4.994868
5.106746
5.504655
5.620978
5.656883
5.023233
5.13661
5.909929
5.340307
5.160954
5.460518
5.546878
5.138121
5.094827
5.151312
5.519697
5.052183
5.61676
5.194648
5.251272
5.368868
5.266638
5.154276
5.805788
5.624067
5.489379
5.524351
5.521997
5.707167
5.402409
5.762385
5.469281
5.311487
5.160107
5.182705
5.226741
5.140072
5.306803
5.213216
5.727392
5.159212
5.131771
5.432746
5.452896
5.184806
5.192161
5.197679
5.668501
5.468646
5.433501
5.52162
5.570248
5.25675
5.599792
5.202884
5.510509
5.807072
5.647125
5.216861
5.470901
5.689129
5.144459
5.225391
5.515619
5.570086
5.139777
5.218981
5.440481
5.515824
5.138304
5.227465
5.608963
5.326665
5.149559
5.668971
5.354173
5.705024
5.168956
5.224158
5.645371
5.197007
5.80258
5.523515
5.651873
5.474592
5.540331
5.901994
5.508851
5.179053
5.154294
5.257437
5.361885
5.384216
5.335874
5.264136
5.629866
5.131804
5.124998
5.298162
5.7654
5.315866
5.120053
5.251734
5.434467
5.701486
5.152996
5.585918
5.598984
5.177442
5.147993
5.488826
5.332566
5.533829
5.712711
5.461759
5.163896
5.160235
5.601311
5.5433
5.168354
5.134858
5.558909
5.274052
5.499972
5.415143
5.523659
5.682981
5.834228
5.191179
5.187069
5.61556
5.404287
5.354951
5.152571
5.806037
5.324273
5.176085
5.656054
5.539138
5.227991
5.459617
5.618409
5.281241
5.308269
5.677188
5.198627
5.257017
5.622156
5.157517
5.20286
5.273332
5.138701
5.181244
5.134067
5.241266
5.14699
5.165867
5.137665
5.232598
6.058061
5.517721
5.400753
5.457136
5.991047
5.560498
5.253932
6.076945
5.412381
5.167529
5.746539
5.647754
5.656188
5.375678
5.156848
5.769955
5.635025
5.119802
5.449756
5.981243
5.119621
5.111024
5.691469
5.572647
4.980658
5.142699
5.100791
5.93237
5.657854
5.178881
5.437419
5.283332
5.080575
5.612942
5.164649
5.254294
5.537522
5.565873
5.394607
5.509419
5.195632
5.576869
5.348053
5.247858
5.077505
5.135547
5.114841
5.250756
5.623762
5.470261
6.206641
5.702042
5.181225
5.142303
5.452337
5.586982
5.498176
5.15585
5.174363
5.77967
5.159343
5.162271
5.196012
5.241846
5.519975
5.533284
5.202712
5.314215
5.326134
5.472889
5.188081
6.079786
5.34965
5.363037
5.139073
5.797035
5.184034
5.787515
6.035506
5.553829
5.200241
5.107457
5.739622
5.341564
5.591089
5.663978
5.354496
5.626882
6.083898
5.147155
5.526132
5.507606
5.357139
5.146849
6.180486
5.355003
5.098507
5.171616
5.279796
5.432103
5.687264
5.473441
5.870399
5.348072
5.141059
5.50393
6.110465
5.456505
5.528696
5.112192
5.567294
5.654545
5.210754
5.311541
5.227921
5.425127
5.423375
5.333573
7.002315
5.164935
5.511714
5.198966
5.477195
5.654301
5.467185
5.198475
6.038999
5.447726
5.302599
5.212322
5.634593
5.212736
5.136289
5.247401
5.972794
5.136646
5.088456
5.236672
5.557022
5.835443
5.618351
5.368663
5.683928
5.485116
5.087533
5.240273
5.693184
5.644365
5.405066
5.717011
5.539703
5.625441
5.503765
5.872533
5.360119
5.703321
5.098972
5.57095
5.314023
5.70986
5.606654
5.927409
5.662262
5.15986
5.708778
5.57202
5.206477
5.42926
5.237399
5.721427
5.042442
5.125196
5.064011
5.841716
5.09415
5.761524
5.315823
5.530335
4.998925
5.762043
5.369794
5.275959
5.641876
5.65361
5.710102
5.89911
5.18071
5.147501
5.193773
6.32924
5.190433
5.542546
5.97964
5.763879
5.153553
5.12705
5.671591
5.258202
5.751502
5.127416
5.246378
5.968377
5.153166
5.343251
5.387561
5.454573
5.630857
5.14212
5.271965
5.567328
5.329251
5.448901
5.77188
5.580816
5.840819
5.129577
5.826617
5.402642
5.46706
5.392863
5.22336
5.397543
5.166443
5.16553
5.622022
5.379373
5.169302
5.419285
5.422881
6.014076
5.30605
5.29296
5.356555
5.331859
5.184343
5.352162
5.534216
5.715068
5.675368
5.172006
5.256785
5.291154
5.162261
5.14561
5.703957
5.329722
5.835721
5.179921
5.852443
5.162762
5.593849
5.427513
5.48874
5.414917
5.833341
5.499369
5.948927
5.390577
5.082049
5.354053
5.628959
5.641866
5.13264
5.162935
5.250051
5.294438
5.647317
5.164695
5.765658
5.613773
5.58242
5.187838
5.226464
5.621082
5.120856
5.259696
5.734695
5.536487
5.652032
5.227688
5.230654
5.45292
5.611846
5.226281
5.769899
5.441383
5.042924
5.168218
5.604794
5.70207
5.421816
5.589421
5.574363
5.22931
5.048347
5.204879
5.167624
5.20516
4.927406
5.122334
5.524035
5.160651
5.043472
5.131018
5.443127
5.410041
4.999196
5.441631
5.328928
5.030109
5.436099
5.087089
5.891555
5.368158
5.283337
5.101226
5.668796
5.134456
5.038667
5.083987
5.770554
5.671821
5.728758
5.057853
5.844948
5.423035
5.505926
5.046655
5.618795
5.148584
5.343403
5.126227
5.599905
5.794147
5.128639
5.16883
5.741049
5.649001
5.443724
5.734297
5.458794
5.870805
5.150644
5.763158
5.771959
5.168235
5.131351
5.372105
5.25748
5.714548
5.258205
5.371898
5.562322
5.162778
5.144361
5.209703
5.256519
5.179338
5.135405
5.444298
5.566111
5.442082
5.15045
5.162548
5.708152
5.380768
5.120224
5.370246
6.173254
5.434221
5.384612
5.408264
5.592018
5.91484
5.133617
5.659544
6.146439
5.403172
5.14017
5.213093
5.225215
5.704874
5.140894
5.211728
5.477479
5.319034
5.140254
5.205021
5.234952
5.534948
5.262307
5.401881
6.098638
5.142629
5.31149
5.222774
5.608918
5.169143
4.967388
5.27376
5.387271
5.133232
5.382997
5.41781
5.182467
5.079733
4.970054
5.059351
5.27035
5.059701
5.150759
5.17134
5.473994
5.442081
5.403351
5.174459
6.030909
5.320438
5.175048
5.149429
5.915109
5.535429
5.490699
5.839071
5.246405
5.182146
5.131974
5.507983
5.245338
5.173751
5.448466
5.496539
6.121387
5.507795
5.317034
5.221323
5.439394
5.592326
5.131508
5.520514
5.224066
5.611216
5.138621
5.756759
5.623833
5.607469
5.139872
5.358405
5.637758
5.205276
5.245261
5.695603
5.557073
5.13572
5.090409
6.098604
5.3566
5.140398
5.133589
5.468016
5.276927
5.18972
5.072613
5.148113
5.194104
5.572278
5.131874
5.172968
5.593977
5.177806
5.117179
5.16005
6.323488
5.408519
5.131158
5.983494
5.220106
5.192139
5.163654
5.299385
5.614218
5.208396
5.082707
5.704304
5.563293
5.147655
4.938727
5.142583
5.25553
5.629165
4.947721
5.559244
5.688471
5.39681
5.142955
5.176136
5.721982
5.163019
5.075392
5.178398
5.5261
5.573683
5.037762
5.576505
5.363044
5.656137
5.256092
5.312545
6.001375
5.649994
5.352923
5.170456
5.217574
5.595519
5.338332
5.147597
5.348543
5.210345
5.506247
5.135334
5.371384
5.67307
6.110647
5.184831
5.74988
5.103457
4.916466
5.103487
6.053848
5.526253
5.229979
5.64711
5.938711
5.372139
5.394296
5.179073
5.382032
5.123076
4.964588
5.161619
5.298271
5.147527
5.464596
5.897961
5.352901
5.932204
5.603753
6.380855
5.556228
5.162867
5.934788
5.246366
5.569741
5.143527
5.106176
5.888491
5.505924
5.371598
5.150865
5.290495
5.76231
5.162748
5.808438
5.881489
5.586621
5.261303
5.13153
5.439449
5.288102
5.165191
5.702384
5.648086
5.167346
5.333488
5.245097
5.89146
5.603353
5.17448
5.13781
5.248098
5.614931
5.011373
5.040946
5.262307
5.661277
5.010731
5.033683
6.344571
5.127556
5.052597
5.136919
5.252129
5.635581
5.057981
5.064069
6.107286
5.270447
5.027518
5.176359
5.365006
5.261538
5.301949
5.589264
5.462928
5.237973
5.100097
5.57701
5.455598
5.107405
5.680365
5.535691
5.252042
5.69045
5.3331
5.071045
5.933187
5.276731
5.104378
5.084843
5.692403
5.518219
5.109415
5.454348
5.450629
5.325959
5.544146
5.081613
5.621342
5.375955
5.374355
5.071908
5.242533
5.409135
5.240817
4.996176
6.004449
5.502895
5.374765
5.401417
6.232648
5.175866
5.547045
5.39316
6.391374
5.335783
5.227
5.360084
5.604737
5.587386
4.98432
6.234561
5.436277
5.026912
5.009604
5.194301
5.845622
5.379295
5.321992
5.158692
5.544429
5.592701
5.076292
5.692673
5.589327
5.331777
5.177056
5.188547
5.236453
5.396708
4.979374
5.516866
5.145413
5.14003
4.968552
5.159554
5.239507
5.376175
5.079022
5.06146
5.257113
5.092664
5.039743
5.482147
5.715593
5.83433
5.266074
5.042104
6.177582
5.693779
5.907757
5.791529
5.648676
5.095695
4.966114
5.249804
5.301218
6.073987
5.02371
5.955784
6.069009
5.265616
5.271225
5.570238
5.285053
5.229452
5.570178
5.223439
5.691828
5.510411
5.398926
5.530675
5.299281
5.406091
5.176481
5.327906
5.101613
5.352876
4.977623
5.244761
5.508677
5.0976
5.051896
5.239893
5.183697
5.616025
5.364708
5.232077
5.564941
5.1405
5.022712
5.865769
5.247639
5.323657
5.594449
5.562664
5.766526
5.354784
4.987428
5.685076
5.417981
5.449597
5.272427
5.454463
5.318557
5.543982
6.040156
6.264383
5.351031
5.008141
5.577247
5.264183
5.216867
5.331419
5.728962
6.126895
5.266211
5.374387
5.271239
5.91622
5.475839
5.069647
5.126451
5.465515
6.03909
5.26113
6.022944
5.548124
5.458344
5.442195
5.53397
5.698472
5.153022
5.348291
5.175663
6.003685
5.155449
5.053426
5.478216
5.494552
5.16954
5.107644
5.161531
5.541083
5.181229
5.154625
5.192652
5.19876
5.668925
5.122062
5.185277
6.093231
5.509094
5.086004
5.638445
5.489873
5.784356
5.510816
6.427771
5.29529
5.146504
5.383766
5.378094
5.354426
5.170603
5.279058
5.262222
5.181049
5.131936
5.111938
6.026404
5.832747
5.54304
5.340253
5.281598
5.168807
5.16842
5.346008
5.937625
5.499453
5.080448
5.327155
6.255509
5.50612
5.196553
5.615854
6.260822
5.255084
5.255047
5.191195
5.706326
5.287551
5.432983
5.306205
5.768128
5.497361
4.924469
5.054681
5.573852
5.080325
5.094996
5.824805
6.324815
5.118829
5.018107
5.070601
6.712708
5.162084
5.143163
5.719196
5.221099
5.587646
5.058238
5.130738
5.931702
5.588259
5.613085
5.476956
6.018883
5.297483
5.919301
5.832048
5.627596
5.200663
5.372594
5.745962
5.346114
5.039421
5.461537
5.319708
5.422606
5.839878
5.471952
5.860331
5.043259
5.122649
5.128572
5.724572
5.224374
5.07812
5.008534
5.190187
5.364892
5.093407
5.004094
6.527596
5.500424
5.054843
5.397476
5.353308
5.546893
5.152448
5.371065
5.456966
5.33811
5.52539
5.134067
5.672076
5.182322
5.460763
5.17827
5.244129
5.165821
5.1697
5.333226
5.263564
5.606411
5.284763
5.1527
5.412434
5.188385
5.185537
5.247093
6.483788
5.161455
5.454276
5.58488
5.567758
5.4775
5.169465
5.117683
6.462554
5.442348
5.412694
5.496445
5.45405
6.029799
5.637706
5.640965
5.650357
5.171324
5.619611
6.060127
5.488494
5.462991
5.465398
6.414909
5.704842
5.477566
5.199593
5.423737
5.155673
5.142069
5.208606
5.766361
5.49452
5.544658
5.492836
6.277194
5.478784
5.12323
5.826135
5.371835
5.701411
5.091465
5.184979
5.920539
5.484048
5.095499
5.225733
5.941628
5.206492
5.141188
5.512074
5.735787
5.178139
5.412831
5.256813
5.17788
5.191147
5.133055
5.536371
5.178136
5.180955
5.146513
5.231052
5.333378
5.175167
5.669167
6.038397
5.601152
5.784254
5.419641
5.721346
5.16555
5.161929
5.170633
5.344042
5.251341
5.154902
5.357605
6.293435
5.451147
5.082203
5.542219
6.129816
5.275098
5.323141
5.48122
5.226395
5.430407
5.079849
5.15718
5.318131
5.702794
5.076447
5.115333
5.955988
5.740004
5.631873
5.236416
5.948234
5.535395
5.304058
5.211893
5.753185
6.174358
5.074689
5.160368
5.532281
5.225002
5.317771
5.212057
5.300948
5.171212
5.315017
5.196687
5.95175
5.616471
5.091058
5.216723
5.401519
5.125731
5.578346
5.538805
5.823091
5.919868
5.148544
5.501203
5.373713
5.444841
5.153858
5.546131
5.525373
5.110519
5.418896
5.236722
5.517904
5.176158
5.108464
5.336756
5.464707
5.491158
5.149417
6.267076
5.478702
5.482314
5.124713
5.24795
5.593004
5.34966
5.527166
5.270476
5.512609
5.172774
5.586936
5.438704
5.468422
5.12952
5.420157
6.287378
5.194188
5.540596
5.382519
5.749596
5.182899
5.152532
5.239816
5.966041
5.34356
5.613182
6.276649
5.798823
5.446275
5.172686
5.864611
5.448915
5.134011
5.623313
5.272864
5.468798
5.558732
5.182318
5.259868
5.472725
5.168095
5.167722
6.462394
5.324774
5.557531
5.344529
5.473898
5.662884
5.197217
5.949772
5.762856
5.332288
5.125673
5.202465
5.623619
5.18566
5.150426
5.491038
5.553984
5.556583
5.150566
5.362526
5.801945
5.156968
5.378576
5.17219
5.734373
5.252178
5.152905
5.242526
6.368095
5.20843
5.170072
5.873366
5.767205
5.619604
5.506485
5.573763
5.356799
5.423208
5.308528
5.43762
5.507431
5.578152
5.145439
5.479504
5.52511
5.654397
5.140463
5.850871
5.262066
5.50209
5.214697
5.711226
5.508324
5.521221
5.166107
5.26426
5.8277
5.288655
5.187201
5.462257
5.193357
5.14612
5.190297
5.591002
5.574792
5.488822
5.55723
6.005887
5.463517
5.136855
5.298262
6.161802
5.435532
5.141981
5.429185
6.124032
5.417441
5.077574
5.714056
5.583128
5.200213
5.13102
5.976939
5.984507
5.154763
5.131998
5.160223
5.172881
5.192706
5.336262
5.180624
5.670834
5.327147
5.162762
5.355962
5.788528
5.539474
5.073009
5.406679
5.881988
5.14597
5.128136
5.455176
5.695705
5.189237
5.371497
5.220326
5.464167
5.174994
5.430497
5.399043
5.189415
5.180257
5.138555
5.234591
5.668196
5.184634
5.138008
5.23574
5.743948
5.436115
5.38385
6.015774
5.459185
5.184515
5.634128
6.037263
5.38822
5.357648
5.181845
5.592376
5.731627
5.201384
5.298409
6.364221
5.193068
5.152262
5.14632
5.659818
5.238062
5.254758
5.187545
6.14743
5.931643
5.482522
5.178066
5.874632
5.513405
5.157738
5.198647
5.609326
5.739246
5.305211
5.914931
5.692395
5.365353
5.627054
5.570999
5.820415
5.622162
5.384445
6.02458
5.694942
5.813124
5.138529
5.580822
5.432018
5.504239
5.155957
6.680975
5.39078
5.159598
5.47496
5.659984
5.652396
5.376546
5.169407
5.21511
5.714573
5.152577
5.199358
6.012774
5.46242
5.388624
5.596045
5.201916
5.19335
5.133814
5.193391
5.494819
5.180946
5.157648
5.201227
5.534096
5.436084
5.128811
5.460086
5.633229
5.605849
5.408943
5.282603
5.529843
5.450334
5.16053
5.237202
5.231511
5.20239
5.389246
5.911388
5.882014
5.714499
5.441339
5.287139
5.71672
5.205772
5.460222
5.254952
5.822475
5.637726
5.51119
6.129039
5.502507
5.706086
5.505469
6.488172
5.167974
5.15592
5.149991
5.249716
5.122291
5.607582
5.078559
5.578536
5.151328
5.474276
5.122145
5.237474
6.086123
5.3717
5.546141
5.470855
5.440833
5.414421
5.110165
5.536714
5.506614
5.085113
5.102718
5.4578
5.328802
5.40634
5.097981
5.369552
5.445872
5.15241
5.102303
5.615644
5.265498
5.378418
5.35891
5.883774
5.138979
5.413839
5.092195
5.385681
5.158573
5.496012
5.502702
5.687884
5.390786
5.264689
5.103083
5.260969
5.366593
5.782689
5.103412
5.237932
5.141368
5.511177
5.087399
5.214071
5.09472
5.482849
5.083062
5.248856
5.42381
5.223036
5.324106
5.237064
5.166445
5.362766
5.126386
5.174428
5.88293
5.97109
5.120158
5.750121
5.363517
5.171326
5.065467
5.463479
5.16667
5.167681
5.088791
5.211114
5.21545
5.097714
5.082244
5.189426
5.230783
5.148574
5.35075
5.158681
5.215163
5.222849
5.085032
5.37361
5.501378
5.173434
5.333086
5.16805
6.162082
5.136764
5.115578
5.577317
5.934339
6.139659
5.708134
5.218913
5.642174
5.690392
5.131011
5.736409
5.393947
5.646617
5.086548
5.245716
5.419443
5.527812
5.122093
5.259932
5.705344
5.528429
5.479931
5.405106
5.763011
5.715549
5.146874
5.274882
5.576444
5.179452
5.516137
5.248764
5.757476
5.576291
5.519547
6.401145
5.173032
5.194661
5.159298
5.312985
5.208077
5.725279
5.162842
5.265165
5.156853
5.371514
5.172691
5.611296
5.276566
5.270803
5.041417
5.42951
5.262899
5.459727
5.591472
5.286043
5.173143
5.400578
5.086786
5.272544
5.711865
5.316262
5.416193
5.7286
5.443569
5.391839
5.165544
5.44336
5.414062
5.132447
5.390466
5.247866
5.1793
5.546269
5.460201
6.184364
5.154467
5.642289
5.51719
5.379029
5.18996
5.179006
5.273231
5.592819
5.142424
5.189217
5.176785
5.438285
5.263384
5.150092
5.222504
5.448779
5.318458
5.583574
5.950486
6.587624
5.497868
5.130784
5.440973
6.0144
5.692478
5.131701
5.532803
5.30372
5.342673
5.353444
5.380188
5.820135
5.254927
5.630834
5.208848
5.744818
5.729523
5.119134
5.403804
5.447825
5.586707
5.13915
5.253238
5.300727
5.670778
5.404625
5.749034
5.197017
5.341204
5.084848
5.198326
5.305394
5.164292
5.589121
5.195259
5.220335
5.668894
5.106505
5.213261
5.202145
5.600528
5.07834
5.117671
5.321864
5.669551
5.221754
5.163611
5.253274
5.962525
5.196498
5.075859
5.566602
5.097609
5.560098
5.298711
5.726568
6.044132
4.972318
5.861968
5.500433
5.33567
5.432643
5.746404
5.420937
5.679901
5.373971
5.698004
5.541458
5.734063
5.08046
5.856447
5.706642
5.460865
5.144437
6.312138
5.376074
5.16962
5.11048
5.256663
5.540196
5.447665
5.289693
5.350555
5.76457
5.180908
5.157798
6.381552
5.156567
5.655931
5.170663
6.282465
5.426555
5.376065
5.624189
6.623034
5.658321
5.44552
5.192695
5.410669
5.141639
5.549931
5.65253
5.716746
5.127628
5.06359
6.117471
5.62638
5.351
5.384275
5.958528
5.157238
5.116031
4.996795
5.222624
5.366439
5.166456
5.137697
5.147487
5.318931
5.276907
4.976082
5.109492
5.549882
5.436765
5.705533
5.55909
5.76865
5.862174
5.307815
5.721966
5.247202
5.134521
5.128349
5.486914
5.476478
5.630993
4.995431
5.734418
5.605402
5.93231
5.166402
5.432361
5.495982
5.948107
5.602412
5.702317
5.478025
5.150169
5.707192
5.615142
5.189849
5.180795
5.241303
5.380219
5.246839
5.161134
5.149031
6.202625
5.48871
5.40762
5.441147
5.852439
5.455194
5.570203
5.145028
5.865093
5.168069
5.136136
5.174808
5.244212
6.012679
5.467401
5.662985
5.351861
5.216237
5.135202
5.895484
5.590114
5.439231
5.180465
5.243788
5.278356
5.510434
5.144888
5.210381
5.578549
5.493793
5.49498
5.548773
5.815231
5.492956
5.140608
5.59998
5.557439
5.716814
5.134128
5.790176
5.600698
5.43441
5.662478
5.372087
5.999675
5.511659
5.644862
5.555546
5.434399
5.38254
5.54473
6.132324
5.177252
5.327781
5.166179
5.865214
5.532146
5.095715
5.182132
5.761367
5.441421
5.067573
5.969979
5.414095
5.133973
5.144061
5.150795
5.221353
5.149847
5.67415
5.124913
5.204961
5.089195
4.993474
5.394758
5.26871
5.454507
5.172344
5.477634
6.256483
5.444852
5.218019
5.098056
5.705072
5.726361
5.522929
5.066843
5.203748
5.059889
5.208663
4.881624
5.260087
5.274245
5.344161
5.315406
5.482364
5.445155
5.148474
5.289243
5.9884
5.138786
5.429658
5.111343
5.517098
5.565023
5.169832
5.081948
5.658854
5.524978
5.571657
5.178433
5.683424
5.489558
5.485782
5.166172
5.484802
5.669443
5.66468
5.598937
5.687074
5.639246
5.163102
5.163611
5.573609
5.50228
5.462061
5.201674
5.814835
5.18821
5.559393
5.094098
5.233868
5.088401
5.629964
5.115711
5.246221
5.50584
5.459691
5.075339
5.216692
5.12949
5.441339
5.368275
5.61244
5.165501
5.522312
5.074482
5.194856
5.409483
5.405593
5.301007
5.212796
6.332137
6.00872
5.040197
6.088988
5.662175
5.519365
5.118011
5.897153
5.235848
5.02241
5.099739
5.232464
5.45791
5.151283
5.331439
5.964477
5.428832
5.090353
5.00692
6.481123
5.396189
5.332101
5.123148
5.556808
5.337773
5.151889
5.322803
5.257681
5.609367
5.479179
5.24252
5.686089
5.08042
5.07445
5.425694
5.865357
5.175351
5.350004
5.56151
5.589278
5.404028
5.281015
5.5398
5.602871
5.109822
5.111504
5.443605
5.596482
5.343596
5.391456
5.30654
5.500853
5.300104
5.297407
5.462066
5.635962
5.32114
5.144993
5.095911
5.254527
5.691424
5.559786
5.479111
5.61715
5.364797
5.523308
5.202206
5.480262
5.483145
5.542761
5.170163
5.796377
5.71794
5.403395
5.733452
5.816277
5.217875
5.416042
5.271861
5.264878
5.489115
5.027931
5.067123
5.278206
5.430448
5.147985
5.159146
5.569816
5.506764
5.051528
5.02332
5.69836
5.681397
5.248516
5.401794
5.483865
5.298995
5.074368
5.278755
5.219704
5.229736
5.930558
5.505575
5.626831
5.08369
5.383321
6.045726
5.467114
5.034362
5.428126
5.550533
6.575988
5.367038
5.395005
5.110381
5.509319
5.158021
4.961916
5.27481
5.738376
5.125873
5.07188
5.062568
5.695375
5.133442
5.147391
5.335335
5.552604
5.306925
5.081537
4.984963
5.637221
5.332558
5.155888
5.131776
5.245787
5.781995
5.616296
5.473703
5.633634
5.37139
5.534272
5.150728
5.221786
5.789487
5.136164
5.163787
5.258751
5.479915
5.0998
5.10195
5.619631
5.684697
5.68002
5.147398
6.020401
5.55219
5.540243
5.142176
6.10291
5.83316
5.51883
5.100266
5.274261
5.105754
5.428897
5.441352
5.7855
5.697369
5.161139
5.389105
6.120201
5.525197
5.632367
5.717013
5.581048
5.174716
5.604308
5.468597
5.479859
5.509191
5.907825
5.225266
6.049942
5.189327
5.253365
5.398292
5.326236
5.572128
5.307864
5.444371
5.624989
5.662331
5.134336
6.247082
5.209968
5.106307
5.068373
5.153721
5.442713
5.388048
5.324572
5.229605
5.39598
5.323072
5.654844
6.219431
5.453923
5.363164
5.135231
5.605363
5.764912
5.124656
5.011793
5.278121
5.257465
5.664719
5.568643
5.847831
5.35393
5.601384
5.263903
5.692488
5.525466
5.492871
5.237515
5.716835
5.444753
5.468752
5.509152
5.989394
5.63234
5.381791
5.152592
5.95197
5.468585
5.139123
5.369623
5.989069
5.048092
5.191207
5.744896
5.855031
5.926906
5.18404
5.306863
6.827248
5.179801
5.138514
5.212896
5.911489
5.177834
5.436303
5.594248
5.594218
5.522155
5.129725
5.604613
5.612304
5.727202
5.150016
5.146394
5.225237
5.661587
5.09234
5.360516
5.618621
5.116649
5.577104
5.251261
5.807206
5.170952
5.524744
6.183451
5.441613
5.172415
5.068371
5.128074
5.476078
5.070738
4.979898
5.181192
5.594128
5.450262
5.059388
5.130495
6.330494
5.36996
5.526812
5.70752
5.461884
5.176075
5.411142
5.188542
5.477535
5.605024
5.280013
5.543903
5.21796
5.541385
5.471829
5.129725
5.386121
5.699532
5.093554
5.142416
5.215435
5.492138
5.20601
6.295936
6.364432
5.447897
5.460307
5.334522
5.665631
5.404234
5.502333
5.234019
5.62405
5.211211
5.131401
5.229976
5.533313
5.486639
5.176603
5.23683
5.371512
5.82332
5.492115
5.333534
5.48843
5.078742
5.113863
5.514468
5.315642
5.373927
5.371357
5.382376
5.510451
5.593466
5.182635
5.841512
5.374369
5.328778
6.361303
5.215835
5.704464
5.481359
5.899516
5.68181
5.92294
4.991838
5.129946
5.634264
5.553017
5.190311
5.136681
5.929045
5.391844
5.130542
5.175727
6.065943
5.35313
5.457448
5.902984
5.893426
5.482485
5.156284
5.376161
5.574164
5.55918
5.123533
5.991999
5.329338
5.171383
5.14587
5.515403
5.991688
5.437034
5.148728
5.583357
5.652255
5.697614
5.513313
5.629001
5.246783
5.113616
5.462759
5.162143
5.535608
5.477575
5.320316
5.830422
5.705784
5.172666
5.468193
5.206574
5.246501
5.853722
5.341676
5.074193
5.81267
5.251861
5.07364
5.393026
5.187922
5.450677
5.281443
5.871284
5.577665
5.097322
5.018905
5.644454
5.628926
6.03985
5.185341
5.152542
5.155501
5.614008
5.009823
5.286978
5.957967
5.511138
4.999194
5.217406
5.490178
5.777129
5.465704
5.601305
5.308731
5.110932
5.100129
5.329352
5.710642
5.410831
4.967546
5.51781
5.68247
5.193075
5.067306
5.445712
5.506352
5.54232
5.081646
5.556779
5.627373
5.108081
5.207599
5.954775
5.504163
5.394272
5.091497
5.330167
5.349866
5.557137
5.55426
5.172887
5.769775
5.703926
5.663785
5.428802
5.378763
5.688383
5.170108
5.655905
5.210392
5.634409
5.410561
5.488815
5.621462
5.546151
5.119091
5.660509
5.435822
5.134596
5.13272
5.417822
5.415214
5.099512
5.356337
5.579649
5.185913
5.189301
5.179803
5.197577
5.526236
5.344064
5.132523
5.144461
5.792584
5.172983
5.091274
5.424192
5.425592
5.327747
5.995241
5.380601
5.950038
5.559692
5.143832
5.071795
5.16844
5.050938
5.067671
5.085538
5.249845
5.199437
5.044737
5.129378
5.782047
5.730052
5.201636
5.196597
5.849368
5.112601
5.483668
5.037942
5.250895
5.123325
5.474797
5.278469
5.404975
5.365792
5.086933
5.143361
5.339499
5.200132
5.290967
5.167584
5.217558
5.444785
5.646122
5.551411
5.701717
5.162963
5.481083
5.654694
5.257952
5.444339
5.133635
5.560934
5.692538
5.629682
5.413196
5.621188
5.298315
5.165296
5.398787
5.406383
5.779002
5.130831
5.430163
5.04315
5.303153
5.255377
5.354161
5.086535
5.91663
5.502086
5.513138
5.65322
5.683241
5.434865
5.092166
5.053357
5.760793
5.046102
4.993911
5.05874
5.541581
5.218323
5.058565
5.071983
5.403367
5.407585
5.134392
5.816688
5.942707
5.584047
5.241549
5.137239
5.190657
5.157684
5.113705
5.101203
5.365962
5.62877
5.605543
5.200201
5.188098
5.192896
5.470179
5.169674
5.607266
5.158774
5.64309
5.45698
5.227122
5.193178
5.189887
5.538744
5.588334
5.76548
5.219249
5.17749
5.151891
5.803665
5.841683
5.600909
5.742134
5.201419
5.613629
5.479591
5.210229
5.689962
5.187365
5.771937
6.00219
5.168832
5.471003
5.640336
5.85071
5.198133
5.664576
5.392474
5.95242
5.705458
5.596223
5.153148
5.26347
5.138927
5.156682
5.160874
5.502496
5.691193
5.150568
5.587432
5.889819
5.170962
5.491997
5.471601
5.574471
5.325526
5.611375
5.49304
5.912006
5.267616
5.084161
5.379933
5.554252
5.432814
5.545761
5.144548
5.605457
5.581928
5.092836
5.630383
6.008264
5.430645
6.133712
6.003016
5.382088
5.633432
5.557333
5.549562
5.421893
5.476257
5.585254
5.692372
5.242329
5.730214
5.139365
5.443793
5.39042
5.481582
5.159095
5.534774
5.646627
5.333904
5.076882
5.754925
5.330026
5.680361
5.171303
5.501303
5.096344
5.524756
5.511935
5.544566
5.371445
5.404018
5.225973
5.291397
5.404817
5.335187
5.804185
5.687644
5.172332
5.473191
5.613691
5.248431
5.26475
5.084026
5.134972
5.447966
5.614125
5.123234
5.497278
5.243179
5.187219
5.112382
5.157623
5.825275
5.467546
5.603189
5.454318
5.708485
5.62565
5.175009
5.185859
5.651852
5.552941
5.450457
5.236317
5.761569
5.500541
5.257028
5.649122
5.542037
5.454872
5.155989
5.103992
5.245172
5.470879
5.568829
5.475221
5.383441
5.168315
5.504887
5.278955
6.070582
5.835445
5.699279
5.420607
6.164833
5.615283
5.199865
5.673532
5.340891
5.170907
5.515092
5.251105
5.210884
5.221459
5.408516
5.65316
5.594936
5.664628
5.637423
5.725323
5.857901
5.327909
5.339948
5.175252
5.09343
5.133888
5.625897
5.202278
5.396963
5.692874
5.386535
5.462706
5.652111
5.639194
5.369552
5.242759
5.185514
5.165548
5.194577
5.183522
5.189697
5.538106
5.575595
5.704107
5.595916
5.151346
5.510132
6.008367
5.169799
5.451017
5.658341
5.166587
5.326462
5.417218
5.18187
5.235411
5.327981
5.167337
5.187342
5.231318
5.172735
5.172731
5.291686
5.392873
5.450177
5.204681
5.477626
5.19545
5.234845
5.202885
5.165705
5.136428
5.735966
5.648578
5.678368
5.365023
5.42755
5.526472
5.156649
5.446692
5.257735
5.918581
5.615557
5.816263
5.083029
5.355116
5.561187
5.236983
5.451008
5.289691
5.17858
5.122457
5.359504
5.085484
5.535352
5.529431
5.364204
5.328561
5.148248
5.471426
5.186234
5.592817
5.877766
5.149428
5.444644
5.415501
5.115062
5.159811
5.481356
5.341455
5.110828
5.058393
5.195921
5.494764
5.138999
5.606917
5.335021
5.608431
5.066601
5.311078
5.176042
5.142032
5.068169
5.177691
5.367977
5.168192
5.309455
5.277767
5.878895
5.184214
5.393574
5.230948
5.94241
5.154564
5.619503
5.088467
5.396878
5.416251
5.032316
5.119802
5.857792
5.434449
5.512426
5.059751
5.590932
5.089028
5.044991
5.28959
6.048945
5.219526
5.668247
5.38661
5.958915
5.216797
5.773917
5.53651
5.685452
5.548853
5.299406
5.12417
5.528211
5.140125
5.236175
5.36435
5.648048
5.320205
5.180641
5.404862
5.779184
5.369009
5.571361
5.840228
5.856203
5.123409
6.029365
5.88629
5.734876
5.823677
6.024467
5.215618
5.201846
5.079362
5.095387
5.187747
5.352279
5.294364
5.266496
5.481384
5.345872
5.465151
5.390995
5.185404
5.131413
5.135449
5.565283
5.386528
5.941577
5.13677
5.12728
5.162698
5.708406
5.169317
5.474974
5.13717
5.090403
5.680096
5.084963
5.123822
5.722998
5.164999
5.062841
5.059352
5.19226
5.34633
5.448812
5.06785
5.344882
5.104194
5.111035
5.542323
5.217164
5.659472
5.087161
5.381196
5.455626
5.11477
5.059958
5.527588
5.236915
